Rk	Player	Age	Team	Pos	G	GS	MP	FG	FGA	FG%	3P	3PA	3P%	2P	2PA	2P%	eFG%	FT	FTA	FT%	ORB	DRB	TRB	AST	STL	BLK	TOV	PF	PTS	Awards
1.0	Landry Shamet	27.0	NYK	SG	1.0	0.0	1.0	36.0	36.0	1.0	0.0	0.0		36.0	36.0	1.0	1.0	0.0	0.0		0.0	0.0	0.0	0.0	0.0	0.0	0.0	0.0	72.0	
2.0	Alondes Williams	25.0	DET	SG	1.0	0.0	4.0	18.0	18.0	1.0	9.0	9.0	1.0	9.0	9.0	1.0	1.25	0.0	0.0		0.0	0.0	0.0	9.0	0.0	0.0	0.0	0.0	45.0	
3.0	James Wiseman	23.0	IND	C	1.0	0.0	5.0	14.4	28.8	0.5	0.0	7.2	0.0	14.4	21.6	0.667	0.5	14.4	14.4	1.0	0.0	7.2	7.2	0.0	0.0	0.0	0.0	0.0	43.2	
4.0	JT Thor	22.0	CLE	PF	4.0	0.0	21.0	12.0	13.7	0.875	5.1	5.1	1.0	6.9	8.6	0.8	1.063	10.3	10.3	1.0	1.7	3.4	5.1	0.0	3.4	5.1	3.4	6.9	39.4	
5.0	Collin Gillespie	25.0	PHO	PG	1.0	0.0	3.0	12.0	24.0	0.5	12.0	12.0	1.0	0.0	12.0	0.0	0.75	0.0	0.0		0.0	0.0	0.0	0.0	0.0	0.0	0.0	0.0	36.0	
6.0	Leonard Miller	21.0	MIN	SF	1.0	0.0	2.0	0.0	0.0		0.0	0.0		0.0	0.0			36.0	36.0	1.0	0.0	0.0	0.0	0.0	18.0	0.0	0.0	0.0	36.0	
7.0	Alex Reese	25.0	OKC	PF	1.0	0.0	2.0	18.0	18.0	1.0	0.0	0.0		18.0	18.0	1.0	1.0	0.0	0.0		18.0	0.0	18.0	0.0	0.0	0.0	0.0	0.0	36.0	
8.0	Giannis Antetokounmpo	30.0	MIL	PF	24.0	24.0	840.0	13.2	21.5	0.613	0.2	0.8	0.222	13.0	20.7	0.627	0.617	7.2	11.7	0.614	2.1	9.9	11.9	6.2	0.7	1.5	3.5	2.4	33.6	
9.0	LaMelo Ball	23.0	CHO	PG	21.0	21.0	704.0	11.1	26.3	0.424	4.9	14.0	0.348	6.3	12.3	0.51	0.517	5.1	6.1	0.84	1.0	4.7	5.7	8.0	1.4	0.3	4.3	4.1	32.3	
10.0	Shai Gilgeous-Alexander	26.0	OKC	PG	28.0	28.0	970.0	11.2	22.0	0.51	2.2	6.5	0.341	9.0	15.4	0.582	0.561	7.2	8.2	0.874	0.9	4.9	5.8	6.3	2.1	1.1	2.8	2.2	31.8	
11.0	Nikola Jokić	29.0	DEN	C	25.0	25.0	929.0	11.4	20.0	0.567	2.2	4.4	0.5	9.1	15.6	0.586	0.622	4.8	6.0	0.795	3.3	8.9	12.2	9.1	1.6	0.6	3.5	2.0	29.7	
12.0	Paolo Banchero	22.0	ORL	PF	5.0	5.0	182.0	9.5	19.2	0.495	2.2	6.3	0.344	7.3	12.9	0.569	0.552	7.5	11.7	0.644	2.4	6.3	8.7	5.5	0.6	0.8	2.2	2.6	28.7	
13.0	Jayson Tatum	26.0	BOS	PF	27.0	27.0	988.0	9.4	20.3	0.466	3.9	10.4	0.375	5.5	9.9	0.561	0.562	5.7	7.1	0.805	0.6	8.7	9.3	5.5	1.1	0.5	2.8	2.5	28.5	
14.0	Luka Dončić	25.0	DAL	PG	22.0	22.0	785.0	9.9	21.4	0.464	3.4	9.7	0.354	6.5	11.6	0.555	0.544	5.1	6.7	0.767	0.7	7.7	8.4	7.9	2.0	0.4	3.4	2.7	28.4	
15.0	Victor Wembanyama	21.0	SAS	C	25.0	25.0	822.0	9.9	20.7	0.48	3.7	10.4	0.357	6.2	10.3	0.604	0.57	4.2	4.8	0.882	2.1	9.1	11.2	4.2	1.2	4.3	3.9	2.2	27.9	
16.0	Jaren Jackson Jr.	25.0	MEM	C	28.0	28.0	781.0	10.0	20.0	0.501	2.3	6.6	0.35	7.7	13.4	0.576	0.559	5.5	6.8	0.804	1.6	5.9	7.5	1.9	1.8	2.1	2.5	4.3	27.8	
17.0	Joel Embiid	30.0	PHI	C	9.0	9.0	252.0	8.7	20.3	0.43	1.6	5.4	0.289	7.1	14.9	0.481	0.468	8.4	8.9	0.952	1.9	7.1	9.0	5.0	0.9	1.1	4.0	3.1	27.4	
18.0	Luka Garza	26.0	MIN	C	9.0	0.0	46.0	11.0	19.6	0.56	1.6	6.3	0.25	9.4	13.3	0.706	0.6	3.9	6.3	0.625	3.1	5.5	8.6	0.8	0.8	0.0	2.3	3.1	27.4	
19.0	Ja Morant	25.0	MEM	PG	18.0	18.0	505.0	9.2	20.8	0.442	1.9	6.3	0.303	7.3	14.5	0.502	0.488	7.1	8.5	0.832	0.9	5.1	6.0	10.1	1.5	0.6	5.0	2.1	27.4	
20.0	Kevin Durant	36.0	PHO	PF	19.0	19.0	679.0	9.7	19.0	0.511	2.5	6.1	0.409	7.2	12.9	0.56	0.577	5.4	6.4	0.843	0.4	6.2	6.6	4.0	0.8	1.2	3.2	1.8	27.3	
21.0	A.J. Lawson	24.0	TOR	SG	1.0	0.0	4.0	9.0	9.0	1.0	9.0	9.0	1.0	0.0	0.0		1.5	0.0	0.0		0.0	0.0	0.0	0.0	0.0	0.0	0.0	0.0	27.0	
22.0	Anthony Davis	31.0	LAL	C	29.0	29.0	1001.0	9.7	18.7	0.52	0.7	2.3	0.302	9.0	16.4	0.55	0.539	6.7	8.7	0.772	2.7	9.2	11.9	3.5	1.3	2.2	2.3	2.0	26.8	
23.0	Cam Thomas	23.0	BRK	SG	17.0	17.0	568.0	8.7	18.8	0.461	3.1	8.0	0.389	5.6	10.8	0.515	0.544	6.1	7.1	0.866	0.4	3.1	3.5	3.6	0.8	0.1	3.0	2.2	26.6	
24.0	Franz Wagner	23.0	ORL	SF	25.0	25.0	829.0	9.6	20.5	0.465	2.2	6.9	0.321	7.3	13.6	0.538	0.519	5.2	5.9	0.881	1.0	5.1	6.1	6.2	1.9	0.5	2.6	2.5	26.5	
25.0	Donovan Mitchell	28.0	CLE	SG	29.0	29.0	919.0	9.4	20.8	0.453	4.2	10.4	0.408	5.2	10.4	0.498	0.555	3.4	4.3	0.798	0.5	4.7	5.2	5.2	1.8	0.3	2.4	2.4	26.4	
26.0	Norman Powell	31.0	LAC	SG	23.0	23.0	760.0	9.1	18.4	0.495	4.2	8.8	0.473	4.9	9.6	0.515	0.608	3.9	4.7	0.838	0.3	3.3	3.6	2.8	1.3	0.2	2.2	2.3	26.3	
27.0	Zion Williamson	24.0	NOP	PF	6.0	6.0	186.0	9.1	20.1	0.452	0.4	1.2	0.333	8.7	19.0	0.459	0.462	7.7	11.6	0.667	3.1	6.2	9.3	6.2	0.8	1.4	4.3	3.5	26.3	
28.0	Karl-Anthony Towns	29.0	NYK	C	28.0	28.0	951.0	9.2	17.1	0.538	2.4	5.3	0.447	6.8	11.8	0.579	0.607	5.3	6.3	0.843	3.1	11.4	14.5	3.7	0.9	1.0	2.7	3.8	26.1	
29.0	Stephen Curry	36.0	GSW	PG	24.0	24.0	748.0	8.5	19.2	0.444	4.9	11.9	0.411	3.6	7.3	0.497	0.571	4.0	4.4	0.923	0.5	5.1	5.5	7.6	1.3	0.6	3.6	1.2	26.0	
30.0	Bones Hyland	24.0	LAC	PG	12.0	0.0	137.0	7.9	19.2	0.411	6.0	13.7	0.442	1.8	5.5	0.333	0.568	3.9	4.7	0.833	0.8	2.6	3.4	3.7	2.9	1.1	3.9	3.9	25.8	
31.0	De'Andre Hunter	27.0	ATL	SF	19.0	2.0	536.0	8.4	17.1	0.49	3.5	7.9	0.441	4.9	9.2	0.533	0.592	5.3	6.0	0.888	0.7	4.4	5.1	1.6	0.9	0.1	1.7	3.2	25.6	
32.0	Jalen Brunson	28.0	NYK	PG	30.0	30.0	1035.0	8.6	18.0	0.48	2.7	6.5	0.422	5.9	11.5	0.512	0.556	5.5	6.8	0.815	0.5	2.6	3.1	8.0	0.8	0.1	2.5	2.4	25.5	
33.0	Damian Lillard	34.0	MIL	PG	22.0	22.0	800.0	7.8	17.4	0.45	3.4	9.2	0.371	4.4	8.2	0.538	0.548	6.4	7.0	0.916	0.5	3.9	4.5	7.5	1.0	0.2	3.0	1.9	25.5	
34.0	Anthony Edwards	23.0	MIN	SG	29.0	29.0	1042.0	9.0	20.3	0.445	4.1	9.9	0.418	4.9	10.4	0.47	0.547	3.2	3.9	0.807	0.7	4.9	5.6	4.0	1.4	0.6	3.1	1.9	25.4	
35.0	De'Aaron Fox	27.0	SAC	PG	30.0	30.0	1115.0	9.3	19.3	0.483	2.0	6.0	0.333	7.3	13.3	0.551	0.535	4.7	5.8	0.812	1.1	3.8	4.8	6.0	1.6	0.3	3.4	2.6	25.4	
36.0	Jeenathan Williams	25.0	HOU	SG	3.0	0.0	10.0	10.8	14.4	0.75	3.6	7.2	0.5	7.2	7.2	1.0	0.875	0.0	0.0		0.0	10.8	10.8	0.0	3.6	0.0	0.0	0.0	25.2	
37.0	Mark Williams	23.0	CHO	C	7.0	4.0	103.0	10.1	16.4	0.617	0.0	0.0		10.1	16.4	0.617	0.617	4.9	6.6	0.737	5.6	9.1	14.7	4.2	1.0	2.1	1.4	4.2	25.2	
38.0	Tyrese Maxey	24.0	PHI	PG	22.0	22.0	816.0	8.7	20.7	0.421	3.1	9.2	0.337	5.6	11.6	0.489	0.496	4.4	5.4	0.82	0.2	3.5	3.7	5.2	2.0	0.4	2.1	2.3	25.0	
39.0	RJ Barrett	24.0	TOR	SG	25.0	25.0	857.0	9.0	19.7	0.457	2.1	5.9	0.348	6.9	13.7	0.505	0.51	4.7	6.4	0.725	0.9	6.1	7.1	6.4	0.8	0.5	3.6	2.6	24.7	
40.0	Devin Booker	28.0	PHO	SG	26.0	26.0	951.0	7.8	17.9	0.439	2.6	7.6	0.345	5.2	10.3	0.507	0.512	6.4	7.1	0.899	1.1	2.5	3.6	6.3	1.1	0.3	2.2	2.2	24.7	
41.0	Moritz Wagner	27.0	ORL	C	30.0	1.0	564.0	8.9	15.9	0.562	1.7	4.8	0.36	7.2	11.1	0.649	0.616	5.0	7.0	0.718	2.6	6.9	9.4	2.7	1.5	0.8	3.1	3.5	24.6	
42.0	Darius Garland	25.0	CLE	PG	29.0	29.0	869.0	8.7	17.7	0.493	3.6	8.1	0.444	5.1	9.6	0.534	0.595	3.4	3.7	0.933	0.7	2.4	3.1	7.7	1.2	0.3	2.9	2.7	24.5	
43.0	Tyler Herro	25.0	MIA	SG	27.0	27.0	950.0	8.5	18.0	0.471	4.1	10.2	0.403	4.4	7.9	0.558	0.584	3.4	4.0	0.849	0.4	5.5	5.9	5.1	0.8	0.1	2.5	1.6	24.5	
44.0	Kyrie Irving	32.0	DAL	SG	27.0	27.0	952.0	9.1	18.5	0.491	3.1	7.1	0.444	5.9	11.4	0.52	0.576	3.2	3.6	0.894	1.1	3.6	4.7	5.2	1.1	0.3	2.1	2.2	24.5	
45.0	Immanuel Quickley	25.0	TOR	PG	3.0	3.0	68.0	8.5	22.2	0.381	3.2	8.5	0.375	5.3	13.8	0.385	0.452	4.2	4.8	0.889	0.5	2.6	3.2	6.4	1.1	0.0	2.1	3.7	24.4	
46.0	Jordan Poole	25.0	WAS	SG	25.0	25.0	785.0	7.9	18.1	0.435	4.0	9.7	0.412	3.9	8.4	0.462	0.546	4.5	5.4	0.839	0.3	2.6	2.9	5.8	1.9	0.6	4.2	3.9	24.3	
47.0	Brandon Ingram	27.0	NOP	SF	18.0	18.0	595.0	9.4	20.1	0.465	2.6	7.0	0.374	6.8	13.2	0.514	0.53	2.8	3.3	0.855	1.0	5.0	6.1	5.6	1.0	0.7	4.2	2.7	24.2	
48.0	Kristaps Porziņģis	29.0	BOS	C	11.0	11.0	299.0	8.1	17.8	0.453	2.6	8.1	0.328	5.4	9.8	0.556	0.527	5.4	6.4	0.849	1.8	6.6	8.4	2.2	1.0	1.9	1.0	2.9	24.2	
49.0	Jaylen Brown	28.0	BOS	SF	25.0	25.0	891.0	8.7	19.6	0.444	2.3	7.2	0.322	6.4	12.5	0.515	0.503	4.3	5.9	0.728	1.4	4.6	6.1	4.7	1.3	0.3	2.9	2.5	24.1	
50.0	LeBron James	40.0	LAL	SF	28.0	28.0	981.0	9.2	18.6	0.496	2.1	5.8	0.357	7.2	12.8	0.559	0.551	3.6	4.7	0.767	1.0	7.1	8.1	9.2	0.8	0.6	4.0	1.4	24.1	
51.0	Jalen Williams	23.0	OKC	SG	28.0	28.0	903.0	9.4	19.2	0.49	2.2	5.7	0.382	7.2	13.5	0.536	0.547	3.1	3.8	0.802	1.0	5.6	6.6	5.6	2.0	0.8	2.6	3.0	24.1	
52.0	Bryce McGowens	22.0	POR	SG	1.0	0.0	3.0	12.0	24.0	0.5	0.0	12.0	0.0	12.0	12.0	1.0	0.5	0.0	0.0		0.0	0.0	0.0	12.0	0.0	0.0	0.0	0.0	24.0	
53.0	Cade Cunningham	23.0	DET	PG	26.0	26.0	941.0	9.0	19.9	0.453	2.4	6.4	0.373	6.6	13.5	0.49	0.513	3.4	4.3	0.788	1.1	5.9	7.0	9.7	0.9	0.9	4.5	2.8	23.8	
54.0	Zach LaVine	29.0	CHI	SF	26.0	26.0	863.0	8.4	16.9	0.498	3.5	8.1	0.436	4.8	8.7	0.555	0.603	3.2	3.9	0.819	0.2	4.7	4.9	4.5	0.9	0.3	3.0	1.8	23.5	
55.0	Nikola Vučević	34.0	CHI	C	29.0	29.0	921.0	9.4	16.3	0.578	2.4	5.3	0.452	7.0	11.0	0.638	0.651	2.3	2.7	0.853	2.3	8.8	11.1	3.6	0.9	0.9	2.0	2.6	23.5	
56.0	James Harden	35.0	LAC	PG	29.0	29.0	984.0	6.7	17.2	0.389	3.0	8.7	0.345	3.7	8.5	0.435	0.477	7.0	7.8	0.893	0.6	6.3	6.9	8.6	1.6	0.7	4.9	2.1	23.4	
57.0	Trentyn Flowers	19.0	LAC	SF	1.0	0.0	14.0	10.3	23.1	0.444	0.0	5.1	0.0	10.3	18.0	0.571	0.444	2.6	2.6	1.0	2.6	7.7	10.3	0.0	0.0	0.0	2.6	7.7	23.1	
58.0	Dariq Whitehead	20.0	BRK	SF	4.0	0.0	28.0	7.7	14.1	0.545	7.7	12.9	0.6	0.0	1.3	0.0	0.818	0.0	0.0		0.0	3.9	3.9	1.3	3.9	1.3	3.9	1.3	23.1	
59.0	AJ Johnson	20.0	MIL	SG	5.0	0.0	11.0	9.8	19.6	0.5	3.3	3.3	1.0	6.5	16.4	0.4	0.583	0.0	0.0		0.0	6.5	6.5	3.3	0.0	0.0	6.5	0.0	22.9	
60.0	Cam Whitmore	20.0	HOU	SF	11.0	0.0	124.0	9.3	22.1	0.421	1.5	9.0	0.161	7.8	13.1	0.6	0.454	2.9	4.6	0.625	2.6	4.4	7.0	1.5	1.2	0.6	2.3	2.9	22.9	
61.0	Moses Brown	25.0	IND	C	9.0	0.0	46.0	10.2	15.7	0.65	0.0	0.0		10.2	15.7	0.65	0.65	2.3	3.9	0.6	3.1	7.0	10.2	0.0	1.6	0.8	4.7	4.7	22.7	
62.0	Brandon Miller	22.0	CHO	SF	22.0	22.0	757.0	7.8	19.3	0.406	4.0	11.5	0.353	3.8	7.8	0.485	0.511	2.8	3.1	0.894	1.0	4.4	5.4	3.6	1.1	0.8	3.0	2.9	22.5	
63.0	Bol Bol	25.0	PHO	PF	7.0	0.0	37.0	8.8	14.6	0.6	1.0	4.9	0.2	7.8	9.7	0.8	0.633	3.9	5.8	0.667	3.9	6.8	10.7	1.0	0.0	0.0	2.9	1.0	22.4	
64.0	Chet Holmgren	22.0	OKC	C	10.0	10.0	265.0	7.6	15.1	0.505	1.9	5.0	0.378	5.7	10.1	0.568	0.568	5.2	6.7	0.776	2.2	9.6	11.8	2.7	1.1	3.5	3.1	2.4	22.3	
65.0	Julius Randle	30.0	MIN	PF	29.0	29.0	957.0	7.4	15.6	0.473	1.9	5.2	0.362	5.5	10.4	0.529	0.534	5.3	6.5	0.816	2.1	5.6	7.7	4.6	0.8	0.2	3.2	2.7	22.0	
66.0	CJ McCollum	33.0	NOP	PG	17.0	17.0	575.0	8.5	19.7	0.43	2.8	8.6	0.321	5.7	11.1	0.514	0.5	2.3	3.3	0.692	0.8	3.4	4.3	4.4	1.3	0.5	1.9	2.6	21.9	
67.0	Evan Mobley	23.0	CLE	PF	28.0	28.0	850.0	8.5	15.0	0.569	1.1	2.8	0.415	7.4	12.2	0.604	0.608	3.8	4.8	0.781	2.6	8.1	10.7	3.4	1.3	1.7	2.5	2.5	21.9	
68.0	Jordan Clarkson	32.0	UTA	SG	18.0	2.0	470.0	7.4	18.0	0.409	2.7	8.0	0.333	4.7	10.0	0.469	0.483	4.4	5.4	0.803	0.8	4.0	4.7	5.7	1.3	0.3	3.4	2.2	21.8	
69.0	Jonathan Kuminga	22.0	GSW	PF	27.0	10.0	688.0	8.1	18.4	0.44	1.7	5.2	0.32	6.4	13.2	0.488	0.486	3.9	6.4	0.615	1.7	4.7	6.4	2.8	1.3	0.8	2.1	2.7	21.8	
70.0	Lauri Markkanen	27.0	UTA	PF	23.0	23.0	735.0	6.7	15.3	0.439	3.1	8.3	0.376	3.6	7.0	0.514	0.542	5.2	5.9	0.884	2.0	5.4	7.4	2.3	0.7	0.2	1.6	1.9	21.8	
71.0	Trae Young	26.0	ATL	PG	28.0	28.0	1007.0	6.6	16.8	0.395	2.7	8.2	0.328	4.0	8.7	0.459	0.475	5.9	6.7	0.872	0.6	3.2	3.8	12.0	1.3	0.1	4.6	2.1	21.8	
72.0	Jay Huff	26.0	MEM	C	27.0	1.0	410.0	7.6	14.7	0.515	3.9	9.4	0.411	3.7	5.3	0.7	0.647	2.7	3.6	0.756	1.5	5.1	6.6	1.9	0.7	2.8	1.5	4.1	21.7	
73.0	Collin Sexton	26.0	UTA	SG	28.0	26.0	793.0	7.7	15.8	0.487	2.4	5.5	0.434	5.3	10.2	0.516	0.563	4.0	4.5	0.889	1.0	2.3	3.3	4.3	1.0	0.1	3.4	3.0	21.7	
74.0	Andrew Wiggins	29.0	GSW	SF	25.0	25.0	725.0	7.5	16.3	0.459	2.9	6.8	0.426	4.6	9.6	0.482	0.547	3.8	4.9	0.786	2.0	3.4	5.5	2.9	1.1	0.9	1.4	2.2	21.7	
75.0	Jaylen Martin	21.0	BRK	SF	3.0	0.0	5.0	7.2	14.4	0.5	7.2	7.2	1.0	0.0	7.2	0.0	0.75	0.0	0.0		0.0	0.0	0.0	0.0	0.0	0.0	0.0	7.2	21.6	
76.0	Alperen Sengun	22.0	HOU	C	29.0	29.0	902.0	8.4	17.4	0.481	0.4	1.8	0.25	7.9	15.7	0.506	0.493	4.4	5.7	0.768	3.9	8.2	12.1	6.0	1.4	1.2	2.6	3.1	21.6	
77.0	Daniel Gafford	26.0	DAL	C	29.0	12.0	584.0	8.8	12.1	0.726	0.0	0.0		8.8	12.1	0.726	0.726	3.8	5.7	0.667	4.5	6.5	11.0	2.3	0.8	2.1	1.7	4.4	21.5	
78.0	Jared McCain	20.0	PHI	SG	23.0	8.0	592.0	7.7	16.7	0.46	3.1	8.1	0.383	4.6	8.6	0.532	0.553	3.0	3.4	0.875	0.8	2.6	3.4	3.6	0.9	0.0	2.3	2.3	21.4	
79.0	Jalen Green	22.0	HOU	SG	29.0	29.0	937.0	7.3	18.1	0.406	2.7	8.5	0.311	4.7	9.5	0.492	0.48	4.0	4.6	0.867	0.6	4.6	5.2	2.8	1.2	0.3	2.9	1.9	21.3	
80.0	Jimmy Butler	35.0	MIA	PF	20.0	20.0	627.0	7.0	12.7	0.552	0.6	1.6	0.357	6.4	11.1	0.58	0.575	6.6	8.4	0.782	2.9	3.7	6.6	5.6	1.4	0.5	1.5	1.1	21.2	
81.0	John Collins	27.0	UTA	PF	26.0	17.0	780.0	7.8	14.8	0.523	1.7	3.9	0.424	6.1	10.9	0.559	0.579	4.1	4.7	0.871	2.7	7.2	9.9	3.0	1.3	1.0	3.1	3.5	21.2	
82.0	DeMar DeRozan	35.0	SAC	SF	25.0	25.0	882.0	7.8	16.2	0.479	0.7	2.1	0.308	7.1	14.1	0.504	0.499	5.1	5.9	0.861	0.6	3.3	3.9	4.0	1.6	0.4	1.6	2.0	21.2	
83.0	Domantas Sabonis	28.0	SAC	C	28.0	28.0	1007.0	8.3	13.7	0.603	1.0	2.4	0.418	7.3	11.3	0.642	0.64	3.6	4.6	0.791	3.5	10.0	13.5	6.0	0.8	0.4	2.9	3.4	21.2	
84.0	Devin Vassell	24.0	SAS	SG	15.0	4.0	400.0	7.8	16.7	0.468	3.0	7.7	0.388	4.9	9.1	0.535	0.556	2.6	3.2	0.829	0.8	2.7	3.5	3.5	1.3	0.5	2.3	2.8	21.2	
85.0	Buddy Hield	32.0	GSW	SG	29.0	5.0	675.0	7.5	16.7	0.45	4.7	11.4	0.418	2.8	5.3	0.52	0.593	1.3	1.4	0.923	0.9	4.2	5.1	2.0	1.3	0.5	2.0	3.0	21.1	
86.0	Ty Jerome	27.0	CLE	SG	29.0	2.0	521.0	7.7	14.9	0.519	2.8	6.6	0.432	4.9	8.4	0.587	0.613	2.8	3.1	0.911	1.2	3.0	4.2	6.9	2.4	0.1	2.4	3.1	21.1	
87.0	Pascal Siakam	30.0	IND	PF	30.0	30.0	1029.0	8.1	15.4	0.524	1.9	4.6	0.42	6.2	10.8	0.568	0.586	3.0	3.8	0.78	1.8	5.6	7.3	3.5	1.0	0.3	1.5	3.1	21.1	
88.0	Jonas Valančiūnas	32.0	WAS	C	27.0	7.0	533.0	8.6	15.6	0.55	0.1	1.1	0.125	8.4	14.5	0.581	0.554	3.8	4.1	0.918	4.2	10.2	14.4	4.1	0.7	1.5	3.2	2.8	21.1	
89.0	Cameron Johnson	28.0	BRK	PF	28.0	28.0	918.0	6.9	14.2	0.488	3.5	8.4	0.423	3.4	5.8	0.581	0.612	3.7	4.2	0.879	0.8	4.0	4.8	3.4	0.9	0.5	1.5	2.1	21.0	
90.0	Scottie Barnes	23.0	TOR	PF	17.0	17.0	576.0	7.7	17.2	0.446	1.7	6.3	0.277	5.9	10.9	0.543	0.496	3.7	5.2	0.714	2.0	6.4	8.4	7.6	1.4	0.7	3.7	2.4	20.9	
91.0	Malik Beasley	28.0	DET	SG	30.0	8.0	855.0	7.4	17.0	0.433	4.9	11.7	0.416	2.5	5.3	0.472	0.577	1.3	1.9	0.705	0.7	3.2	3.9	2.4	1.1	0.1	1.3	1.6	20.9	
92.0	Tyler Smith	20.0	MIL	PF	11.0	0.0	38.0	8.5	13.3	0.643	2.8	7.6	0.375	5.7	5.7	1.0	0.75	0.9	1.9	0.5	0.9	8.5	9.5	0.9	0.0	2.8	2.8	3.8	20.8	
93.0	Dalano Banton	25.0	POR	PG	25.0	0.0	413.0	7.4	17.6	0.421	2.7	7.6	0.356	4.7	10.0	0.47	0.498	3.2	4.9	0.661	0.8	4.1	4.9	5.8	1.9	1.1	3.7	2.4	20.7	
94.0	Chris Duarte	27.0	CHI	SG	13.0	0.0	54.0	6.7	13.3	0.5	3.3	8.0	0.417	3.3	5.3	0.625	0.625	4.0	5.3	0.75	2.7	8.0	10.7	3.3	0.0	0.0	0.7	3.3	20.7	
95.0	Jaden Ivey	22.0	DET	SG	27.0	27.0	818.0	7.4	16.7	0.442	2.3	6.1	0.384	5.1	10.7	0.475	0.512	3.6	4.8	0.736	1.6	3.4	5.0	5.0	1.2	0.4	3.4	2.9	20.7	
96.0	Kyle Kuzma	29.0	WAS	PF	12.0	12.0	330.0	8.3	19.7	0.42	1.7	6.3	0.276	6.5	13.4	0.488	0.464	2.4	3.5	0.688	0.9	6.4	7.3	2.5	0.5	0.3	3.2	2.5	20.7	
97.0	Tre Mann	23.0	CHO	PG	13.0	0.0	319.0	7.9	18.2	0.435	2.7	6.8	0.4	5.2	11.4	0.455	0.509	2.1	2.4	0.905	1.4	2.9	4.3	4.4	0.8	0.5	2.8	2.7	20.7	
98.0	Shaedon Sharpe	21.0	POR	SG	21.0	19.0	637.0	7.6	17.1	0.447	2.0	7.3	0.279	5.6	9.8	0.572	0.507	3.4	4.2	0.8	0.8	3.3	4.1	2.9	1.0	0.2	2.0	1.9	20.7	
99.0	Talen Horton-Tucker	24.0	CHI	SG	24.0	0.0	292.0	7.4	14.9	0.496	2.7	6.7	0.407	4.7	8.3	0.567	0.587	3.1	4.6	0.676	1.4	4.8	6.2	4.2	1.1	0.6	1.6	3.0	20.6	
100.0	Malcolm Brogdon	32.0	WAS	PG	12.0	10.0	291.0	7.4	15.6	0.476	1.4	3.8	0.355	6.1	11.8	0.516	0.52	4.3	5.1	0.854	1.5	4.8	6.3	4.6	0.6	0.5	2.5	2.7	20.5	
101.0	T.J. McConnell	32.0	IND	PG	29.0	0.0	577.0	9.3	16.5	0.562	0.4	1.1	0.333	8.9	15.4	0.579	0.574	1.6	2.1	0.758	1.1	3.6	4.7	8.0	2.2	0.6	2.9	1.9	20.5	
102.0	Trey Murphy III	24.0	NOP	SF	17.0	15.0	576.0	7.2	15.9	0.451	3.0	8.6	0.35	4.2	7.4	0.568	0.545	3.1	3.6	0.877	0.9	4.1	5.0	2.5	1.2	0.7	1.9	2.4	20.5	
103.0	Miles Bridges	26.0	CHO	PF	16.0	16.0	474.0	7.4	17.2	0.427	2.2	7.6	0.29	5.2	9.6	0.535	0.491	3.5	4.0	0.868	1.1	7.3	8.4	3.6	0.7	0.6	2.1	1.7	20.4	
104.0	Bobby Portis	29.0	MIL	PF	27.0	3.0	663.0	8.5	17.6	0.485	2.1	5.2	0.396	6.5	12.4	0.522	0.543	1.3	1.8	0.727	2.6	8.9	11.4	3.0	0.9	0.9	1.7	2.4	20.4	
105.0	Gradey Dick	21.0	TOR	SG	25.0	25.0	808.0	6.8	16.2	0.419	2.9	8.0	0.356	3.9	8.2	0.481	0.507	3.9	4.4	0.888	0.9	2.9	3.8	2.4	1.0	0.3	1.9	2.6	20.3	
106.0	Marvin Bagley III	25.0	WAS	C	19.0	1.0	166.0	8.2	15.4	0.535	0.4	2.2	0.2	7.8	13.2	0.59	0.549	3.3	5.0	0.652	5.9	6.3	12.1	1.5	1.5	1.1	2.4	2.6	20.2	
107.0	Anfernee Simons	25.0	POR	SG	26.0	26.0	806.0	7.1	17.3	0.412	2.9	8.8	0.323	4.3	8.5	0.505	0.495	3.0	3.3	0.907	0.4	2.6	2.9	5.6	1.2	0.1	2.7	2.2	20.2	
108.0	Bradley Beal	31.0	PHO	SG	19.0	19.0	644.0	7.8	15.3	0.507	2.5	6.1	0.4	5.3	9.2	0.579	0.588	2.1	2.7	0.771	0.7	3.4	4.1	3.4	1.2	0.7	2.5	3.0	20.1	
109.0	Chris Boucher	32.0	TOR	PF	27.0	0.0	490.0	7.3	15.6	0.465	2.3	7.6	0.298	5.0	8.0	0.624	0.538	3.3	4.3	0.763	2.7	6.1	8.8	1.5	1.2	1.5	1.5	2.8	20.1	
110.0	Desmond Bane	26.0	MEM	SG	22.0	21.0	620.0	7.1	15.7	0.456	2.5	7.2	0.347	4.6	8.5	0.548	0.535	2.6	3.0	0.846	1.2	6.4	7.6	6.2	1.5	0.6	2.9	3.4	19.3	
111.0	Khris Middleton	33.0	MIL	SF	7.0	2.0	151.0	6.7	16.2	0.412	2.6	6.0	0.44	4.1	10.3	0.395	0.493	3.3	4.1	0.824	0.5	5.7	6.2	9.3	1.9	0.5	3.1	4.1	19.3	
112.0	Jalen Suggs	23.0	ORL	PG	29.0	29.0	868.0	6.7	16.5	0.405	2.6	8.5	0.307	4.1	8.0	0.508	0.484	3.3	3.6	0.92	0.8	4.3	5.1	4.8	1.8	1.3	3.5	3.3	19.3	
113.0	Coby White	24.0	CHI	SG	28.0	28.0	910.0	6.4	15.6	0.414	3.4	9.5	0.358	3.0	6.1	0.5	0.523	3.0	3.5	0.875	0.4	3.4	3.8	4.8	1.3	0.2	2.7	2.8	19.3	
114.0	Cole Anthony	24.0	ORL	PG	28.0	0.0	332.0	6.8	16.8	0.406	2.1	6.9	0.297	4.8	9.9	0.484	0.468	3.5	4.4	0.78	1.2	5.5	6.7	7.0	1.2	0.5	4.2	4.7	19.2	
115.0	Kevin Love	36.0	MIA	PF	15.0	4.0	169.0	6.6	17.9	0.369	3.8	10.4	0.367	2.8	7.5	0.371	0.476	2.1	3.2	0.667	3.0	11.1	14.1	3.8	2.8	0.4	2.6	2.8	19.2	
116.0	Michael Porter Jr.	26.0	DEN	SF	28.0	28.0	966.0	7.4	14.3	0.517	2.4	6.3	0.387	5.0	8.1	0.618	0.601	1.9	2.8	0.703	1.6	5.5	7.1	2.9	0.8	0.4	1.6	2.2	19.2	
117.0	Payton Pritchard	27.0	BOS	PG	30.0	0.0	862.0	6.5	13.9	0.467	4.5	10.9	0.414	2.0	3.0	0.658	0.629	1.6	1.9	0.848	1.7	2.9	4.6	4.0	1.2	0.1	1.3	2.0	19.2	
118.0	Jalen Johnson	23.0	ATL	SF	28.0	28.0	1023.0	7.6	15.2	0.499	1.4	4.2	0.333	6.2	10.9	0.563	0.545	2.6	3.4	0.753	1.7	8.3	10.0	5.5	1.4	1.1	3.1	1.9	19.1	
119.0	Lester Quiñones	24.0	PHI	SG	4.0	0.0	17.0	8.5	16.9	0.5	0.0	6.4	0.0	8.5	10.6	0.8	0.5	2.1	2.1	1.0	6.4	2.1	8.5	2.1	0.0	0.0	8.5	0.0	19.1	
120.0	Jared Butler	24.0	WAS	SG	20.0	0.0	220.0	7.5	16.5	0.455	1.1	4.1	0.28	6.4	12.4	0.513	0.49	2.8	3.8	0.739	1.0	2.3	3.3	8.2	1.1	0.3	2.9	3.9	19.0	
121.0	Malik Monk	26.0	SAC	SG	23.0	10.0	684.0	6.9	15.7	0.44	2.8	8.1	0.351	4.1	7.6	0.535	0.53	2.4	2.8	0.849	0.2	4.2	4.4	5.9	0.9	0.8	2.2	2.8	19.0	
122.0	Klay Thompson	34.0	DAL	SF	26.0	26.0	708.0	6.8	16.0	0.422	4.1	10.5	0.391	2.6	5.5	0.481	0.551	1.2	1.4	0.889	0.9	3.7	4.5	2.4	1.3	0.5	1.6	1.8	18.9	
123.0	Obi Toppin	26.0	IND	PF	29.0	0.0	591.0	7.4	13.4	0.55	2.3	6.4	0.352	5.1	7.0	0.73	0.634	1.9	2.2	0.861	1.3	6.0	7.2	3.2	1.5	0.7	1.2	2.8	18.9	
124.0	Dennis Schröder	31.0	2TM	PG	27.0	27.0	880.0	6.5	14.9	0.434	2.5	6.8	0.371	3.9	8.1	0.487	0.519	3.3	3.7	0.879	0.2	2.9	3.0	6.9	1.2	0.2	2.7	2.9	18.7	
124.0	Dennis Schröder	31.0	BRK	PG	23.0	23.0	772.0	6.9	15.2	0.452	2.7	7.0	0.387	4.2	8.2	0.509	0.542	3.4	3.8	0.889	0.2	3.0	3.2	7.1	1.2	0.2	2.8	2.6	19.8	
124.0	Dennis Schröder	31.0	GSW	PG	4.0	4.0	108.0	3.7	13.0	0.282	1.3	5.7	0.235	2.3	7.3	0.318	0.333	2.7	3.3	0.8	0.0	2.0	2.0	5.3	1.0	0.3	2.7	5.0	11.3	
125.0	Jamal Murray	27.0	DEN	PG	22.0	22.0	801.0	6.7	15.6	0.429	2.0	5.8	0.349	4.7	9.8	0.477	0.494	3.2	3.9	0.826	0.4	3.7	4.1	6.1	1.5	0.6	2.2	1.8	18.6	
126.0	Jeremy Sochan	21.0	SAS	PF	17.0	14.0	498.0	7.4	13.6	0.543	0.6	2.2	0.267	6.8	11.4	0.595	0.564	3.3	4.5	0.726	3.5	6.8	10.3	3.5	1.2	0.8	2.4	3.0	18.6	
127.0	Trendon Watford	24.0	BRK	PF	13.0	0.0	209.0	6.0	13.6	0.443	1.4	4.5	0.308	4.7	9.1	0.509	0.494	5.2	6.0	0.857	0.7	5.5	6.2	2.6	0.9	0.7	2.8	5.2	18.6	
128.0	Keyonte George	21.0	UTA	PG	25.0	25.0	791.0	6.1	15.6	0.394	3.1	8.9	0.349	3.0	6.7	0.453	0.493	3.0	3.8	0.807	0.5	3.3	3.8	6.5	0.8	0.2	3.8	2.0	18.4	
129.0	De'Anthony Melton	26.0	GSW	SG	6.0	2.0	121.0	6.5	16.1	0.407	3.9	10.4	0.371	2.7	5.7	0.474	0.528	1.5	2.4	0.625	1.8	4.2	6.0	5.1	2.1	0.6	3.0	5.4	18.4	
130.0	Austin Reaves	26.0	LAL	SG	25.0	25.0	851.0	6.3	14.3	0.438	2.8	7.9	0.355	3.5	6.4	0.539	0.536	3.0	3.8	0.809	0.9	3.4	4.3	5.4	1.1	0.2	2.5	2.2	18.4	
131.0	Jalen Smith	24.0	CHI	C	27.0	1.0	418.0	6.4	13.9	0.46	2.7	7.6	0.352	3.7	6.3	0.589	0.556	2.9	3.7	0.791	3.3	9.6	12.8	1.9	0.8	1.7	1.5	3.6	18.3	
132.0	Santi Aldama	24.0	MEM	PF	30.0	11.0	793.0	7.1	14.0	0.506	2.5	6.3	0.388	4.6	7.7	0.604	0.594	1.5	2.0	0.767	2.1	8.0	10.1	4.2	1.3	0.8	1.7	1.5	18.1	
133.0	Tyrese Haliburton	24.0	IND	PG	30.0	30.0	1060.0	6.2	14.4	0.432	3.1	8.8	0.355	3.1	5.6	0.552	0.54	2.5	3.0	0.843	0.7	2.9	3.6	8.9	1.3	0.6	2.0	1.5	18.1	
134.0	Bennedict Mathurin	22.0	IND	SG	30.0	25.0	986.0	6.1	13.5	0.455	1.6	4.4	0.355	4.6	9.1	0.504	0.514	4.3	5.1	0.849	1.3	5.5	6.8	2.0	0.8	0.4	2.3	2.8	18.1	
135.0	Larry Nance Jr.	32.0	ATL	PF	13.0	2.0	241.0	6.9	11.8	0.582	3.6	6.7	0.533	3.3	5.1	0.647	0.734	0.7	0.9	0.833	2.1	5.8	7.9	3.3	1.9	1.5	1.0	3.1	18.1	
136.0	Richaun Holmes	31.0	WAS	PF	4.0	0.0	24.0	7.5	16.5	0.455	0.0	1.5	0.0	7.5	15.0	0.5	0.455	3.0	3.0	1.0	4.5	6.0	10.5	0.0	0.0	3.0	3.0	1.5	18.0	
137.0	Caris LeVert	30.0	CLE	SF	24.0	0.0	576.0	6.2	12.0	0.521	2.7	5.8	0.462	3.6	6.2	0.576	0.633	2.8	4.1	0.692	0.7	3.4	4.2	6.0	1.4	0.7	2.1	2.1	18.0	
138.0	Zach Edey	22.0	MEM	C	18.0	12.0	383.0	7.4	12.5	0.594	0.8	1.4	0.533	6.7	11.1	0.602	0.624	2.3	3.5	0.649	5.8	6.9	12.7	1.6	1.4	1.8	2.9	5.1	17.9	
139.0	Paul George	34.0	PHI	PF	18.0	18.0	578.0	6.4	15.8	0.406	2.2	7.2	0.31	4.2	8.6	0.486	0.476	2.8	3.5	0.804	0.8	5.5	6.4	5.5	2.1	0.6	2.9	2.4	17.9	
140.0	Derrick White	30.0	BOS	SG	29.0	29.0	997.0	6.1	13.6	0.447	3.7	9.5	0.39	2.4	4.1	0.579	0.583	2.0	2.4	0.848	1.1	3.9	5.0	4.9	1.1	1.1	1.8	2.2	17.9	
141.0	Tari Eason	23.0	HOU	PF	24.0	0.0	546.0	6.9	14.6	0.475	1.5	4.8	0.315	5.4	9.8	0.554	0.527	2.4	3.2	0.755	3.4	6.6	10.0	1.6	3.0	1.6	1.3	3.9	17.8	
142.0	Kevin Porter Jr.	24.0	LAC	SG	27.0	1.0	547.0	7.2	17.2	0.421	1.2	4.7	0.25	6.1	12.4	0.487	0.456	2.2	3.4	0.647	1.3	5.3	6.5	5.3	1.8	0.5	4.1	3.0	17.8	
143.0	Naz Reid	25.0	MIN	C	29.0	0.0	712.0	6.6	14.5	0.453	2.6	7.3	0.354	4.0	7.2	0.552	0.542	2.1	2.4	0.875	1.0	6.3	7.3	2.5	1.1	1.1	1.8	3.3	17.8	
144.0	MarJon Beauchamp	24.0	MIL	SF	14.0	0.0	53.0	6.1	14.9	0.409	2.0	7.5	0.273	4.1	7.5	0.545	0.477	3.4	4.1	0.833	1.4	7.5	8.8	1.4	0.7	0.0	7.5	2.7	17.7	
145.0	Duncan Robinson	30.0	MIA	SF	26.0	15.0	602.0	6.3	15.0	0.42	4.0	10.5	0.383	2.3	4.5	0.507	0.554	1.1	1.3	0.864	0.6	2.9	3.5	3.8	0.8	0.2	1.5	3.3	17.7	
146.0	Jordan Hawkins	22.0	NOP	SG	14.0	3.0	374.0	5.9	15.3	0.384	3.0	8.5	0.352	2.9	6.8	0.423	0.481	2.9	3.2	0.909	0.6	3.9	4.4	1.5	0.3	0.8	1.4	1.2	17.6	
147.0	Myles Turner	28.0	IND	C	28.0	28.0	881.0	6.3	13.0	0.489	2.4	5.8	0.408	4.0	7.2	0.554	0.58	2.5	3.4	0.744	1.3	6.7	8.0	1.8	1.0	2.4	2.7	3.5	17.5	
148.0	Isaiah Wong	24.0	CHO	SG	7.0	0.0	101.0	6.1	13.9	0.436	1.4	3.9	0.364	4.6	10.0	0.464	0.487	3.9	6.4	0.611	3.6	3.2	6.8	5.7	1.4	0.0	2.9	3.2	17.5	
149.0	E.J. Liddell	24.0	CHI	PF	6.0	0.0	31.0	5.8	9.3	0.625	3.5	7.0	0.5	2.3	2.3	1.0	0.813	2.3	2.3	1.0	1.2	4.6	5.8	3.5	1.2	1.2	2.3	9.3	17.4	
150.0	Jakob Poeltl	29.0	TOR	C	26.0	25.0	835.0	7.4	12.6	0.589	0.0	0.1	0.0	7.4	12.5	0.593	0.589	2.6	3.8	0.682	4.4	8.0	12.4	3.1	1.3	1.4	2.4	4.0	17.4	
151.0	Bam Adebayo	27.0	MIA	C	27.0	27.0	941.0	6.5	14.2	0.46	0.9	2.9	0.303	5.7	11.3	0.5	0.491	3.3	4.6	0.717	2.5	7.8	10.3	5.0	1.5	0.7	2.1	2.0	17.3	
152.0	Malaki Branham	21.0	SAS	SG	21.0	0.0	254.0	6.2	14.3	0.436	2.4	6.2	0.386	3.8	8.1	0.474	0.52	2.4	2.8	0.85	0.4	3.8	4.3	3.7	1.0	0.3	3.7	2.0	17.3	
153.0	Garrison Mathews	28.0	ATL	SG	21.0	1.0	375.0	5.0	10.6	0.473	4.4	9.0	0.489	0.6	1.5	0.375	0.682	2.9	3.5	0.833	0.3	2.0	2.3	2.7	1.4	0.4	1.2	3.5	17.3	
154.0	Dejounte Murray	28.0	NOP	PG	13.0	13.0	438.0	6.2	17.5	0.357	1.6	5.8	0.268	4.7	11.7	0.401	0.401	3.3	3.9	0.833	0.4	6.7	7.2	8.1	2.4	0.6	4.2	2.7	17.3	
155.0	Deni Avdija	24.0	POR	SF	29.0	12.0	763.0	5.6	12.9	0.434	2.0	5.5	0.359	3.6	7.4	0.49	0.511	4.0	5.0	0.785	1.8	6.0	7.8	4.2	1.3	1.0	2.8	2.9	17.2	
156.0	Deandre Ayton	26.0	POR	C	20.0	20.0	602.0	8.0	14.2	0.563	0.3	1.3	0.238	7.7	13.0	0.594	0.574	0.8	1.4	0.609	3.5	8.5	12.0	1.6	1.1	1.0	2.0	2.9	17.2	
157.0	Aaron Gordon	29.0	DEN	PF	17.0	16.0	489.0	6.0	11.4	0.523	1.6	3.7	0.44	4.3	7.7	0.562	0.594	3.6	4.8	0.754	2.4	4.9	7.2	3.8	0.6	0.2	1.7	2.3	17.2	
158.0	Onyeka Okongwu	24.0	ATL	C	25.0	0.0	594.0	6.7	12.3	0.542	0.6	2.5	0.244	6.1	9.8	0.617	0.567	3.2	4.1	0.779	3.8	6.2	10.1	2.1	1.0	1.0	1.3	3.3	17.2	
159.0	Antonio Reeves	24.0	NOP	SG	15.0	0.0	140.0	6.7	16.7	0.4	2.3	8.5	0.273	4.4	8.2	0.531	0.469	1.5	1.8	0.857	1.3	3.1	4.4	1.8	1.3	0.0	1.0	1.8	17.2	
160.0	Keldon Johnson	25.0	SAS	SF	27.0	0.0	673.0	6.4	14.3	0.448	1.5	5.4	0.277	4.9	8.9	0.551	0.5	2.7	3.6	0.761	1.6	5.6	7.2	2.4	1.1	0.3	1.1	2.4	17.1	
161.0	Sandro Mamukelashvili	25.0	SAS	PF	20.0	0.0	185.0	5.8	10.9	0.536	3.3	7.6	0.436	2.5	3.3	0.765	0.688	2.1	2.9	0.733	2.3	8.4	10.7	1.4	0.6	1.0	1.8	2.3	17.1	
162.0	Naji Marshall	27.0	DAL	SF	25.0	7.0	586.0	6.8	13.0	0.526	1.2	3.9	0.317	5.6	9.1	0.615	0.573	2.3	2.6	0.881	1.5	3.6	5.0	3.4	1.4	0.1	2.1	2.2	17.1	
163.0	Cameron Payne	30.0	NYK	PG	24.0	0.0	389.0	6.3	14.2	0.444	3.6	8.7	0.415	2.7	5.5	0.492	0.572	0.9	1.1	0.833	0.6	3.1	3.8	6.4	1.3	0.7	1.2	4.3	17.1	
164.0	Scotty Pippen Jr.	24.0	MEM	PG	30.0	11.0	675.0	6.6	13.8	0.481	1.7	4.7	0.364	4.9	9.1	0.541	0.543	2.1	3.3	0.656	0.9	4.6	5.5	8.2	1.6	0.6	3.3	3.9	17.1	
165.0	D'Angelo Russell	28.0	LAL	PG	28.0	10.0	735.0	6.1	14.7	0.415	2.7	8.0	0.335	3.4	6.7	0.511	0.507	2.2	2.6	0.849	0.4	3.4	3.8	6.5	1.1	0.2	2.4	2.5	17.1	
166.0	Moses Moody	22.0	GSW	SG	24.0	4.0	368.0	5.8	13.9	0.415	3.0	8.4	0.36	2.7	5.5	0.5	0.525	2.4	3.4	0.714	1.0	3.2	4.2	2.0	0.6	0.6	1.8	2.5	17.0	
167.0	Day'Ron Sharpe	23.0	BRK	C	8.0	0.0	125.0	6.0	14.4	0.42	0.6	3.2	0.182	5.5	11.2	0.487	0.44	4.3	4.9	0.882	5.8	6.9	12.7	1.7	2.0	0.9	2.3	4.0	17.0	
168.0	Russell Westbrook	36.0	DEN	PG	28.0	7.0	725.0	6.1	14.2	0.432	1.6	5.1	0.32	4.5	9.0	0.495	0.489	3.0	4.9	0.616	1.4	4.4	5.9	8.7	2.3	0.8	3.7	3.4	16.9	
169.0	Mikal Bridges	28.0	NYK	SF	30.0	30.0	1163.0	7.0	13.9	0.502	2.4	6.3	0.371	4.6	7.5	0.613	0.587	0.6	0.8	0.667	0.8	2.2	3.1	3.1	1.0	0.5	1.5	1.2	16.8	
170.0	Marcus Sasser	24.0	DET	PG	19.0	0.0	260.0	6.8	12.7	0.533	2.4	5.8	0.405	4.4	6.9	0.64	0.625	0.8	0.8	1.0	1.0	1.7	2.6	4.8	2.2	0.4	2.1	2.8	16.8	
171.0	Brice Sensabaugh	21.0	UTA	SF	22.0	0.0	361.0	6.0	13.4	0.448	3.4	8.5	0.4	2.6	4.9	0.531	0.575	1.4	1.6	0.875	1.5	4.0	5.5	2.8	1.4	0.2	3.1	2.3	16.8	
172.0	Ivica Zubac	27.0	LAC	C	30.0	30.0	975.0	7.6	12.5	0.607	0.0	0.0		7.6	12.5	0.607	0.607	1.7	3.1	0.529	4.5	9.5	14.0	2.8	0.8	1.1	2.1	2.3	16.8	
173.0	Torrey Craig	34.0	CHI	SF	6.0	1.0	67.0	5.9	11.8	0.5	3.8	9.7	0.389	2.1	2.1	1.0	0.659	1.1	1.1	1.0	1.6	5.4	7.0	1.6	0.5	0.5	0.0	5.4	16.7	
174.0	Jerami Grant	30.0	POR	PF	27.0	27.0	875.0	5.5	14.6	0.377	2.7	7.4	0.369	2.8	7.2	0.386	0.47	3.0	3.7	0.82	0.5	3.3	3.8	2.6	1.0	1.1	1.6	2.6	16.7	
175.0	Svi Mykhailiuk	27.0	UTA	SF	8.0	4.0	127.0	6.0	13.6	0.438	3.7	9.9	0.371	2.3	3.7	0.615	0.573	1.1	1.7	0.667	0.3	3.4	3.7	3.4	2.0	0.3	4.0	2.6	16.7	
176.0	Jaylen Wells	21.0	MEM	SG	30.0	25.0	736.0	6.1	13.1	0.464	2.6	6.6	0.393	3.5	6.5	0.538	0.564	2.0	2.4	0.816	1.5	3.3	4.8	2.5	0.7	0.2	1.8	2.6	16.7	
177.0	OG Anunoby	27.0	NYK	PF	30.0	30.0	1094.0	6.3	13.1	0.479	2.1	6.0	0.357	4.1	7.1	0.581	0.56	1.9	2.4	0.795	1.2	3.8	5.0	2.1	1.5	1.0	1.3	2.4	16.6	
178.0	Aaron Holiday	28.0	HOU	PG	18.0	0.0	169.0	5.5	11.7	0.473	3.6	8.3	0.436	1.9	3.4	0.563	0.627	1.9	2.3	0.818	0.0	3.8	3.8	4.5	0.4	0.2	1.3	2.6	16.6	
179.0	Kenrich Williams	30.0	OKC	PF	18.0	0.0	230.0	6.4	11.7	0.547	2.5	6.4	0.39	3.9	5.3	0.735	0.653	1.3	1.3	1.0	2.5	6.3	8.8	3.0	2.0	0.6	0.8	4.9	16.6	
180.0	Patrick Baldwin Jr.	22.0	WAS	SF	13.0	0.0	59.0	6.1	12.2	0.5	3.1	6.7	0.455	3.1	5.5	0.556	0.625	1.2	2.4	0.5	1.8	5.5	7.3	0.6	1.2	1.2	1.2	2.4	16.5	
181.0	Jazian Gortman	21.0	DAL	PG	10.0	0.0	35.0	6.2	15.4	0.4	3.1	7.2	0.429	3.1	8.2	0.375	0.5	1.0	2.1	0.5	1.0	2.1	3.1	3.1	1.0	1.0	2.1	5.1	16.5	
182.0	Tyrese Martin	25.0	BRK	SG	13.0	2.0	209.0	5.9	12.2	0.479	4.1	9.1	0.453	1.7	3.1	0.556	0.648	0.7	0.9	0.8	2.1	4.1	6.2	2.9	1.0	0.3	1.6	2.6	16.5	
183.0	Josh Okogie	26.0	PHO	SG	17.0	1.0	233.0	6.2	12.7	0.488	1.7	4.3	0.393	4.5	8.3	0.537	0.555	2.5	3.6	0.696	3.2	4.2	7.4	1.4	2.3	0.6	2.0	2.5	16.5	
184.0	Trevelin Queen	27.0	ORL	SG	5.0	1.0	59.0	5.5	9.8	0.563	3.1	3.7	0.833	2.4	6.1	0.4	0.719	2.4	2.4	1.0	0.0	1.2	1.2	3.1	3.1	1.8	3.1	4.3	16.5	
185.0	Colin Castleton	24.0	MEM	C	8.0	0.0	22.0	1.6	6.5	0.25	0.0	3.3	0.0	1.6	3.3	0.5	0.25	13.1	13.1	1.0	3.3	8.2	11.5	0.0	0.0	1.6	0.0	4.9	16.4	
186.0	Charles Bassey	24.0	SAS	C	20.0	0.0	219.0	7.1	12.3	0.573	0.0	0.0		7.1	12.3	0.573	0.573	2.1	3.8	0.565	5.3	9.2	14.5	1.5	1.2	3.6	2.5	4.4	16.3	
187.0	Ryan Rollins	22.0	MIL	PG	14.0	3.0	137.0	5.8	12.6	0.458	2.9	5.8	0.5	2.9	6.8	0.423	0.573	1.8	2.4	0.778	0.8	4.2	5.0	3.7	3.4	1.3	3.2	3.4	16.3	
188.0	Jaden Hardy	22.0	DAL	SG	22.0	2.0	320.0	5.9	15.0	0.391	2.0	6.6	0.305	3.8	8.3	0.459	0.459	2.5	2.8	0.88	0.5	2.9	3.4	3.0	1.6	0.1	3.5	3.4	16.2	
189.0	Nick Richards	27.0	CHO	C	14.0	9.0	331.0	5.5	9.5	0.586	0.0	0.1	0.0	5.5	9.4	0.593	0.586	5.1	7.5	0.681	3.9	9.0	12.9	2.2	0.7	2.1	2.5	4.1	16.2	
190.0	Zaccharie Risacher	19.0	ATL	SF	30.0	28.0	703.0	6.0	15.2	0.395	1.8	6.6	0.273	4.2	8.6	0.488	0.454	2.5	3.6	0.686	1.7	3.2	4.9	1.7	1.2	1.0	1.7	3.1	16.2	
191.0	Trayce Jackson-Davis	24.0	GSW	C	28.0	21.0	497.0	7.1	11.3	0.628	0.0	0.1	0.0	7.1	11.2	0.632	0.628	1.9	3.2	0.591	3.6	7.0	10.6	4.3	0.6	1.6	1.6	2.6	16.1	
192.0	Julian Strawther	22.0	DEN	SG	28.0	0.0	572.0	5.6	12.1	0.464	2.5	6.3	0.39	3.1	5.8	0.543	0.565	2.5	3.0	0.83	0.6	3.0	3.6	2.4	1.2	0.7	1.4	4.3	16.1	
193.0	Jarrett Allen	26.0	CLE	C	30.0	30.0	878.0	6.4	9.4	0.683	0.0	0.0	0.0	6.4	9.4	0.686	0.683	3.1	4.3	0.731	2.7	9.6	12.3	2.3	1.2	0.9	1.3	1.5	16.0	
194.0	Bogdan Bogdanović	32.0	ATL	SG	14.0	0.0	356.0	5.5	13.4	0.406	3.0	9.0	0.337	2.4	4.4	0.545	0.519	2.0	2.1	0.952	0.9	3.5	4.4	3.1	1.2	0.4	2.5	3.6	16.0	
195.0	Ricky Council IV	23.0	PHI	SF	21.0	0.0	264.0	4.9	12.1	0.404	1.2	4.6	0.265	3.7	7.5	0.491	0.455	4.9	5.7	0.857	1.8	4.1	5.9	2.2	1.0	0.5	1.1	2.3	16.0	
196.0	Justin Edwards	21.0	PHI	SF	2.0	0.0	9.0	8.0	12.0	0.667	0.0	4.0	0.0	8.0	8.0	1.0	0.667	0.0	4.0	0.0	0.0	8.0	8.0	4.0	0.0	0.0	0.0	0.0	16.0	
197.0	DaQuan Jeffries	27.0	CHO	SG	5.0	0.0	110.0	6.2	11.5	0.543	2.6	5.2	0.5	3.6	6.2	0.579	0.657	1.0	1.3	0.75	1.6	3.9	5.6	1.3	1.3	1.3	1.0	3.3	16.0	
198.0	Dalton Knecht	23.0	LAL	SF	30.0	12.0	670.0	6.0	12.7	0.468	2.8	7.6	0.366	3.2	5.1	0.621	0.578	1.3	1.7	0.75	1.1	4.7	5.7	1.8	0.7	0.1	0.9	2.2	16.0	
199.0	Ausar Thompson	22.0	DET	SF	10.0	3.0	167.0	6.7	14.4	0.463	0.9	3.4	0.25	5.8	11.0	0.529	0.493	1.7	3.2	0.533	2.6	5.2	7.8	4.3	1.9	0.9	3.0	6.3	16.0	
200.0	Brandon Boston Jr.	23.0	NOP	SG	27.0	10.0	718.0	5.9	13.6	0.435	1.8	5.1	0.343	4.2	8.5	0.491	0.5	2.4	2.9	0.81	0.9	3.8	4.7	4.1	1.9	0.4	2.0	2.4	15.9	
201.0	Amen Thompson	22.0	HOU	SF	29.0	3.0	790.0	6.1	11.0	0.55	0.5	1.7	0.297	5.6	9.3	0.595	0.572	3.2	4.6	0.696	3.1	6.1	9.2	2.8	1.5	1.3	2.4	3.1	15.9	
202.0	Stephon Castle	20.0	SAS	PG	29.0	17.0	752.0	5.6	14.5	0.386	1.4	5.4	0.265	4.2	9.1	0.458	0.436	3.2	4.4	0.728	0.9	2.7	3.6	5.2	1.2	0.5	2.5	2.4	15.8	
203.0	Noah Clowney	20.0	BRK	PF	20.0	3.0	378.0	5.2	13.4	0.39	3.3	9.2	0.361	1.9	4.2	0.455	0.514	2.0	2.6	0.778	1.8	5.1	7.0	1.3	0.5	1.1	1.4	5.4	15.8	
204.0	Josh Giddey	22.0	CHI	PG	27.0	27.0	732.0	6.0	13.3	0.452	1.6	5.0	0.327	4.4	8.3	0.527	0.513	2.2	3.0	0.71	1.6	6.9	8.5	9.2	1.3	0.6	3.6	2.0	15.8	
205.0	Quentin Grimes	24.0	DAL	SG	28.0	9.0	582.0	5.4	11.3	0.481	2.7	6.4	0.413	2.8	4.9	0.57	0.598	2.2	3.1	0.72	1.2	5.3	6.6	2.7	1.2	0.4	1.9	2.9	15.8	
206.0	Robert Williams	27.0	POR	C	10.0	1.0	171.0	6.5	8.8	0.738	0.2	0.4	0.5	6.3	8.4	0.75	0.75	2.5	2.7	0.923	3.8	7.4	11.2	2.5	1.7	2.9	1.7	1.9	15.8	
207.0	Grayson Allen	29.0	PHO	SG	23.0	1.0	550.0	4.8	12.0	0.404	3.3	8.7	0.376	1.6	3.3	0.48	0.541	2.7	3.3	0.84	1.0	3.8	4.8	2.7	1.3	0.5	1.6	2.2	15.7	
208.0	Paul Reed	25.0	DET	C	16.0	0.0	188.0	6.1	10.9	0.561	0.8	2.3	0.333	5.4	8.6	0.622	0.596	2.7	3.3	0.824	2.9	4.8	7.7	3.1	3.3	2.1	2.1	5.2	15.7	
209.0	Aaron Wiggins	26.0	OKC	SG	28.0	8.0	556.0	6.1	13.7	0.445	2.5	6.5	0.39	3.6	7.2	0.495	0.538	1.0	1.2	0.789	1.6	4.3	5.9	2.5	1.6	0.5	1.6	2.3	15.7	
210.0	Jamison Battle	23.0	TOR	SF	27.0	0.0	375.0	5.5	11.3	0.483	3.6	8.4	0.432	1.8	2.9	0.633	0.644	1.1	1.2	0.846	1.5	3.6	5.2	2.4	0.3	0.4	1.0	3.1	15.6	
211.0	Rob Dillingham	20.0	MIN	PG	15.0	0.0	127.0	6.5	14.5	0.451	2.6	6.0	0.429	4.0	8.5	0.467	0.539	0.0	0.0		0.3	2.8	3.1	7.1	0.6	0.0	4.5	1.4	15.6	
212.0	Isaac Jones	24.0	SAC	PF	19.0	0.0	169.0	6.6	10.0	0.66	0.2	0.9	0.25	6.4	9.2	0.698	0.67	2.1	4.0	0.526	2.1	4.5	6.6	0.6	0.4	1.7	2.1	4.7	15.6	
213.0	Nikola Jović	21.0	MIA	PF	18.0	9.0	349.0	5.2	11.3	0.455	2.2	5.9	0.368	3.0	5.5	0.547	0.55	3.1	3.9	0.789	0.8	5.6	6.4	2.4	1.5	0.2	1.1	2.9	15.6	
214.0	Ja'Kobe Walter	20.0	TOR	SG	16.0	6.0	328.0	5.7	14.4	0.397	1.9	6.7	0.279	3.8	7.7	0.5	0.462	2.3	3.2	0.724	1.8	3.5	5.3	2.7	1.0	0.5	1.6	4.2	15.6	
215.0	Dillon Brooks	29.0	HOU	SF	28.0	28.0	886.0	5.6	13.0	0.43	2.6	6.7	0.384	3.0	6.4	0.478	0.528	1.7	2.0	0.86	1.5	3.0	4.5	1.8	0.8	0.3	1.3	3.9	15.5	
216.0	Marcus Smart	30.0	MEM	PG	18.0	6.0	382.0	5.0	13.4	0.373	2.7	8.2	0.333	2.3	5.2	0.436	0.475	2.8	3.4	0.833	1.3	2.6	4.0	6.5	2.2	0.6	3.2	2.8	15.5	
217.0	Kobe Bufkin	21.0	ATL	SG	10.0	0.0	124.0	5.2	13.6	0.383	1.2	5.5	0.211	4.1	8.1	0.5	0.426	3.8	5.2	0.722	1.5	4.6	6.1	4.9	0.9	0.6	2.3	2.6	15.4	
218.0	Clint Capela	30.0	ATL	C	30.0	30.0	687.0	6.9	12.2	0.567	0.0	0.0		6.9	12.2	0.567	0.567	1.5	2.9	0.518	5.7	9.0	14.6	2.0	0.9	1.6	1.5	3.1	15.4	
219.0	Kobe Brown	25.0	LAC	PF	7.0	0.0	47.0	6.9	15.3	0.45	0.8	4.6	0.167	6.1	10.7	0.571	0.475	0.8	1.5	0.5	3.8	8.4	12.3	3.1	0.8	0.0	0.0	3.8	15.3	
220.0	Julian Champagnie	23.0	SAS	SF	30.0	26.0	875.0	5.3	12.3	0.43	3.3	9.0	0.362	2.0	3.3	0.613	0.562	1.5	1.6	0.9	0.9	5.3	6.2	1.7	1.0	0.7	1.4	2.1	15.3	
221.0	Scoot Henderson	20.0	POR	PG	22.0	3.0	563.0	5.4	13.9	0.387	1.4	4.7	0.301	4.0	9.2	0.431	0.438	3.1	4.0	0.778	1.0	3.1	4.2	6.7	1.2	0.3	3.9	3.8	15.3	
222.0	Doug McDermott	33.0	SAC	SF	22.0	3.0	200.0	5.2	12.4	0.42	4.3	10.6	0.407	0.9	1.8	0.5	0.594	0.5	0.9	0.6	0.4	2.5	2.9	0.5	0.5	0.2	0.4	3.6	15.3	
223.0	Georges Niang	31.0	CLE	PF	30.0	1.0	627.0	5.8	12.2	0.476	2.9	7.9	0.372	2.9	4.3	0.667	0.597	0.6	0.8	0.786	1.3	5.8	7.1	2.3	0.6	0.3	1.7	4.0	15.2	
224.0	Fred VanVleet	30.0	HOU	PG	27.0	27.0	952.0	5.4	14.3	0.375	2.3	7.9	0.298	3.0	6.5	0.468	0.456	2.1	2.6	0.812	0.7	3.8	4.5	6.2	1.5	0.5	1.4	2.4	15.2	
225.0	Jose Alvarado	26.0	NOP	PG	11.0	7.0	282.0	5.1	12.9	0.396	3.1	7.7	0.4	2.0	5.2	0.39	0.515	1.8	2.2	0.824	0.8	2.3	3.1	6.3	2.2	0.4	1.8	3.3	15.1	
226.0	Isaiah Hartenstein	26.0	OKC	C	13.0	12.0	395.0	6.5	11.1	0.582	0.0	0.4	0.0	6.5	10.8	0.602	0.582	2.2	3.4	0.649	3.7	11.2	14.9	4.6	1.1	1.4	2.3	3.7	15.1	
227.0	Jordan Miller	25.0	LAC	SF	18.0	0.0	267.0	5.9	13.5	0.44	0.9	3.8	0.25	5.0	9.7	0.514	0.475	2.3	3.0	0.773	2.3	2.4	4.7	2.7	0.8	0.4	2.0	2.4	15.1	
228.0	Terry Rozier	30.0	MIA	PG	24.0	12.0	688.0	5.3	13.1	0.402	2.3	6.7	0.344	3.0	6.4	0.463	0.49	2.2	2.5	0.894	0.9	4.0	5.0	3.8	0.8	0.5	1.8	1.9	15.1	
229.0	Isaiah Jackson	23.0	IND	C	5.0	1.0	84.0	6.0	9.9	0.609	0.0	0.0		6.0	9.9	0.609	0.609	3.0	6.0	0.5	4.7	7.3	12.0	2.1	1.3	3.4	2.1	6.0	15.0	
230.0	Kelly Olynyk	33.0	TOR	C	7.0	0.0	115.0	4.7	12.2	0.385	2.2	4.7	0.467	2.5	7.5	0.333	0.474	3.4	4.4	0.786	2.2	8.1	10.3	5.0	2.8	0.6	4.1	6.6	15.0	
231.0	Christian Braun	23.0	DEN	SG	27.0	27.0	915.0	5.7	10.4	0.543	1.0	2.8	0.371	4.6	7.7	0.605	0.592	2.5	3.2	0.78	1.3	4.0	5.4	2.2	1.3	0.6	1.4	2.3	14.9	
232.0	Tobias Harris	32.0	DET	PF	28.0	28.0	895.0	5.6	12.9	0.438	1.6	4.8	0.328	4.1	8.1	0.502	0.498	2.1	2.5	0.839	1.1	6.3	7.4	2.7	0.9	1.0	1.3	2.3	14.9	
233.0	Zach Collins	27.0	SAS	C	24.0	4.0	341.0	5.3	11.1	0.476	1.3	3.8	0.333	4.0	7.3	0.551	0.533	3.0	3.4	0.875	3.0	5.5	8.4	4.4	1.2	1.3	2.2	5.6	14.8	
234.0	Monte Morris	29.0	PHO	PG	24.0	0.0	312.0	5.1	12.2	0.415	1.8	5.8	0.32	3.2	6.5	0.5	0.491	2.8	3.3	0.828	0.8	3.3	4.2	5.0	1.4	0.3	1.4	1.5	14.8	
235.0	Alex Sarr	19.0	WAS	C	24.0	24.0	656.0	5.6	14.1	0.397	1.8	6.0	0.291	3.8	8.1	0.476	0.459	1.8	2.9	0.635	2.6	5.8	8.4	2.8	1.0	2.4	2.0	3.6	14.8	
236.0	Kel'el Ware	20.0	MIA	C	12.0	0.0	100.0	6.5	12.6	0.514	1.1	3.2	0.333	5.4	9.4	0.577	0.557	0.7	0.7	1.0	2.2	8.6	10.8	0.4	1.8	2.9	2.2	3.2	14.8	
237.0	Amir Coffey	27.0	LAC	SG	29.0	8.0	711.0	5.2	10.6	0.493	2.3	5.5	0.422	2.9	5.1	0.57	0.603	1.9	2.3	0.826	0.8	3.0	3.8	1.8	0.8	0.1	1.0	2.3	14.7	
238.0	Ayo Dosunmu	25.0	CHI	SG	30.0	17.0	924.0	5.7	11.7	0.49	1.6	4.9	0.32	4.2	6.8	0.611	0.557	1.7	2.1	0.796	0.7	3.9	4.6	5.6	0.9	0.5	1.6	2.6	14.7	
239.0	Quenton Jackson	26.0	IND	PG	15.0	7.0	242.0	5.8	11.2	0.52	1.3	3.6	0.375	4.5	7.6	0.588	0.58	1.8	2.5	0.706	1.5	2.5	4.0	4.2	1.3	0.7	1.6	4.3	14.7	
240.0	Corey Kispert	25.0	WAS	SF	22.0	0.0	596.0	5.4	12.6	0.426	2.6	7.7	0.336	2.8	4.9	0.568	0.529	1.4	1.6	0.852	0.5	4.0	4.5	2.1	0.7	0.3	1.4	2.3	14.7	
241.0	Tyler Kolek	23.0	NYK	PG	18.0	0.0	113.0	5.1	12.4	0.41	3.2	7.3	0.435	1.9	5.1	0.375	0.538	1.3	1.3	1.0	0.6	3.2	3.8	3.5	1.9	0.3	2.2	3.2	14.7	
242.0	Miles McBride	24.0	NYK	PG	25.0	0.0	628.0	5.2	12.0	0.435	2.9	7.1	0.411	2.3	4.9	0.471	0.557	1.4	1.7	0.828	1.0	2.9	3.8	4.2	1.3	0.3	1.3	2.3	14.7	
243.0	Bruno Fernando	26.0	TOR	C	16.0	2.0	143.0	6.5	12.1	0.542	0.0	0.0		6.5	12.1	0.542	0.542	1.5	2.0	0.75	5.3	7.3	12.6	4.5	1.0	2.3	3.5	6.5	14.6	
244.0	Tyus Jones	28.0	PHO	PG	29.0	29.0	917.0	5.6	11.0	0.507	2.7	6.0	0.444	2.9	5.0	0.583	0.629	0.7	0.9	0.864	0.6	2.3	2.9	7.3	1.1	0.2	1.3	1.2	14.6	
245.0	Aaron Nesmith	25.0	IND	SF	6.0	6.0	136.0	5.0	9.5	0.528	1.6	2.9	0.545	3.4	6.6	0.52	0.611	2.9	3.4	0.846	1.1	5.3	6.4	1.6	1.1	0.5	1.3	6.4	14.6	
246.0	Jae'Sean Tate	29.0	HOU	SF	13.0	0.0	91.0	5.1	9.9	0.52	0.4	2.0	0.2	4.7	7.9	0.6	0.54	4.0	5.9	0.667	2.4	7.5	9.9	4.0	2.8	0.0	2.4	6.7	14.6	
247.0	Nickeil Alexander-Walker	26.0	MIN	SG	29.0	2.0	680.0	5.3	10.6	0.5	2.5	5.9	0.432	2.8	4.7	0.584	0.62	1.4	1.8	0.765	0.9	3.3	4.2	3.8	1.4	0.5	2.1	2.5	14.5	
248.0	Matas Buzelis	20.0	CHI	SF	29.0	0.0	381.0	5.0	13.5	0.371	2.4	7.0	0.338	2.6	6.5	0.406	0.458	2.1	2.6	0.786	1.4	5.8	7.2	1.6	0.8	2.1	1.7	4.0	14.5	
249.0	Jaime Jaquez Jr.	23.0	MIA	SF	23.0	2.0	493.0	5.3	12.6	0.422	0.8	3.3	0.244	4.5	9.3	0.484	0.454	3.1	4.2	0.737	2.0	5.9	8.0	3.7	1.5	0.1	2.6	2.8	14.5	
250.0	Isaiah Joe	25.0	OKC	SG	26.0	10.0	544.0	5.0	12.8	0.394	3.6	9.9	0.367	1.4	2.8	0.488	0.536	0.8	1.1	0.75	0.8	3.8	4.6	2.6	1.3	0.4	0.9	2.7	14.5	
251.0	Derrick Jones Jr.	27.0	LAC	SF	28.0	28.0	685.0	5.6	11.3	0.498	1.7	4.2	0.4	3.9	7.1	0.556	0.572	1.6	1.8	0.882	1.7	3.1	4.8	1.3	1.9	0.5	1.5	3.1	14.5	
252.0	Guerschon Yabusele	29.0	PHI	PF	28.0	10.0	660.0	5.3	10.7	0.492	2.2	5.7	0.385	3.1	5.1	0.613	0.594	1.7	2.7	0.64	2.5	5.4	7.9	2.7	1.2	0.6	2.1	3.8	14.5	
253.0	Brandon Clarke	28.0	MEM	PF	29.0	17.0	530.0	6.7	11.1	0.607	0.1	1.1	0.063	6.7	10.0	0.667	0.61	0.9	1.5	0.591	3.3	6.5	9.8	2.1	1.5	0.8	1.0	4.2	14.4	
254.0	Jrue Holiday	34.0	BOS	PG	26.0	26.0	796.0	5.2	11.7	0.448	2.1	6.4	0.326	3.2	5.3	0.593	0.537	1.8	2.0	0.889	1.3	3.8	5.1	4.3	1.0	0.5	1.8	1.7	14.4	
255.0	Jaylen Nowell	25.0	NOP	SG	8.0	0.0	168.0	5.6	15.6	0.356	1.7	5.8	0.296	3.9	9.9	0.391	0.411	1.5	2.4	0.636	1.3	3.0	4.3	3.9	0.2	0.9	1.7	1.9	14.4	
256.0	Royce O'Neale	31.0	PHO	SF	29.0	9.0	775.0	5.1	11.3	0.453	3.4	7.7	0.448	1.7	3.6	0.462	0.605	0.7	1.0	0.762	1.4	6.3	7.8	3.2	1.3	0.7	1.3	3.2	14.4	
257.0	Ron Holland	19.0	DET	SF	30.0	1.0	480.0	5.7	11.9	0.478	0.9	4.4	0.203	4.8	7.5	0.64	0.516	2.0	2.5	0.794	1.3	5.7	7.0	1.6	1.1	0.4	2.0	3.6	14.3	
258.0	Josh Minott	22.0	MIN	SF	16.0	0.0	116.0	5.9	11.2	0.528	0.9	4.7	0.2	5.0	6.5	0.762	0.569	1.6	2.2	0.714	1.6	5.3	6.8	2.8	2.5	1.6	1.6	4.3	14.3	
259.0	Kelly Oubre Jr.	29.0	PHI	SF	28.0	25.0	905.0	5.5	12.2	0.451	1.5	4.9	0.301	4.0	7.3	0.552	0.511	1.8	2.6	0.708	1.8	4.7	6.5	1.7	1.3	0.6	1.4	3.1	14.3	
260.0	Goga Bitadze	25.0	ORL	C	26.0	23.0	620.0	6.0	9.3	0.65	0.0	0.7	0.0	6.0	8.6	0.703	0.65	2.1	2.8	0.771	4.4	7.8	12.2	3.0	1.2	2.4	2.1	3.8	14.2	
261.0	Jabari Smith Jr.	21.0	HOU	PF	29.0	29.0	901.0	4.9	11.1	0.442	2.0	5.6	0.364	2.9	5.5	0.522	0.534	2.4	2.7	0.868	2.1	5.8	7.9	1.3	0.4	1.2	0.9	2.7	14.2	
262.0	Ziaire Williams	23.0	BRK	SF	21.0	7.0	459.0	5.0	12.5	0.403	1.4	5.2	0.273	3.6	7.3	0.495	0.459	2.7	3.5	0.795	1.7	5.5	7.2	1.9	1.6	0.5	1.5	4.4	14.2	
263.0	Jett Howard	21.0	ORL	SF	29.0	0.0	300.0	5.0	13.7	0.368	3.2	10.1	0.321	1.8	3.6	0.5	0.487	0.7	0.8	0.857	1.3	2.8	4.1	1.6	0.6	0.7	1.4	3.2	14.0	
264.0	Dyson Daniels	21.0	ATL	SG	28.0	28.0	940.0	5.8	12.9	0.451	1.3	4.0	0.314	4.6	8.9	0.513	0.5	1.0	1.6	0.605	1.7	3.6	5.4	3.7	3.4	1.0	2.1	2.8	13.9	
265.0	Johnny Juzang	23.0	UTA	SG	24.0	0.0	403.0	4.7	11.8	0.402	3.3	8.6	0.385	1.4	3.2	0.444	0.542	1.0	1.2	0.846	1.1	3.5	4.6	2.1	0.8	0.4	1.2	4.0	13.8	
266.0	Kevin Huerter	26.0	SAC	SG	26.0	15.0	660.0	5.2	12.1	0.434	2.5	8.1	0.311	2.7	4.0	0.685	0.538	0.8	1.1	0.667	0.6	4.4	5.0	2.8	1.5	0.7	1.4	3.2	13.7	
267.0	Jake LaRavia	23.0	MEM	PF	30.0	0.0	686.0	4.8	9.6	0.503	1.7	3.7	0.457	3.1	5.9	0.531	0.59	2.4	3.4	0.719	2.3	4.9	7.2	5.3	1.5	0.9	2.4	3.5	13.7	
268.0	Jack McVeigh	28.0	HOU	PF	6.0	0.0	21.0	5.1	18.9	0.273	3.4	13.7	0.25	1.7	5.1	0.333	0.364	0.0	0.0		1.7	5.1	6.9	1.7	0.0	1.7	1.7	1.7	13.7	
269.0	Adama Sanogo	22.0	CHI	C	4.0	0.0	21.0	6.9	12.0	0.571	0.0	0.0		6.9	12.0	0.571	0.571	0.0	0.0		8.6	1.7	10.3	1.7	0.0	0.0	1.7	1.7	13.7	
270.0	Ochai Agbaji	24.0	TOR	SG	30.0	28.0	920.0	5.5	10.5	0.522	2.0	4.7	0.43	3.4	5.8	0.599	0.619	0.6	0.9	0.667	1.1	3.8	4.8	2.2	1.1	0.6	0.9	2.7	13.6	
271.0	Nic Claxton	25.0	BRK	C	23.0	15.0	570.0	6.0	10.1	0.594	0.1	0.3	0.25	5.9	9.9	0.603	0.597	1.5	3.0	0.5	2.8	8.0	10.8	3.0	1.1	1.8	1.8	3.3	13.6	
272.0	Josh Hart	29.0	NYK	SG	29.0	29.0	1068.0	5.2	9.0	0.583	1.3	3.3	0.398	3.9	5.7	0.69	0.656	1.8	2.2	0.818	1.6	6.4	8.0	5.3	1.4	0.3	1.8	2.4	13.6	
273.0	P.J. Washington	26.0	DAL	PF	24.0	23.0	789.0	5.0	11.0	0.45	1.7	4.3	0.389	3.3	6.7	0.49	0.527	1.9	2.6	0.75	1.6	7.0	8.6	2.4	1.4	1.2	1.8	2.2	13.6	
274.0	Thomas Bryant	27.0	2TM	C	14.0	0.0	155.0	4.2	9.3	0.45	2.1	5.3	0.391	2.1	3.9	0.529	0.563	3.0	3.0	1.0	2.3	8.1	10.5	1.6	0.7	2.6	0.5	2.8	13.5	
274.0	Thomas Bryant	27.0	MIA	C	10.0	0.0	115.0	3.8	8.8	0.429	1.9	5.3	0.353	1.9	3.4	0.545	0.536	3.4	3.4	1.0	1.9	8.1	10.0	1.3	0.3	2.8	0.6	2.8	12.8	
274.0	Thomas Bryant	27.0	IND	C	4.0	0.0	40.0	5.4	10.8	0.5	2.7	5.4	0.5	2.7	5.4	0.5	0.625	1.8	1.8	1.0	3.6	8.1	11.7	2.7	1.8	1.8	0.0	2.7	15.3	
275.0	Justin Champagnie	23.0	WAS	SF	10.0	7.0	253.0	5.4	10.7	0.507	1.6	4.8	0.324	3.8	5.8	0.659	0.58	1.1	1.7	0.667	3.6	6.0	9.5	1.8	1.7	1.1	1.3	3.1	13.5	
276.0	Bilal Coulibaly	20.0	WAS	SF	25.0	25.0	872.0	4.9	11.1	0.44	1.2	4.0	0.302	3.7	7.1	0.517	0.494	2.6	3.3	0.788	1.5	4.4	5.9	3.6	1.6	0.8	2.2	2.6	13.5	
277.0	David Duke Jr.	25.0	SAS	SG	1.0	0.0	8.0	4.5	18.0	0.25	0.0	4.5	0.0	4.5	13.5	0.333	0.25	4.5	9.0	0.5	0.0	0.0	0.0	9.0	0.0	0.0	0.0	4.5	13.5	
278.0	Adam Flagler	25.0	OKC	SG	11.0	0.0	40.0	4.5	18.0	0.25	4.5	17.1	0.263	0.0	0.9	0.0	0.375	0.0	0.0		1.8	3.6	5.4	0.0	1.8	0.0	0.0	3.6	13.5	
279.0	Shake Milton	28.0	BRK	SG	25.0	0.0	434.0	5.1	11.4	0.442	1.7	5.0	0.35	3.3	6.5	0.513	0.518	1.7	2.2	0.769	1.2	2.6	3.8	4.3	1.1	0.1	1.4	3.2	13.5	
280.0	Andrew Nembhard	25.0	IND	SG	16.0	16.0	419.0	5.0	10.6	0.472	1.0	3.0	0.343	4.0	7.6	0.523	0.52	2.5	2.8	0.879	0.3	2.9	3.3	6.3	1.2	0.1	2.5	2.3	13.5	
281.0	Tristen Newton	23.0	IND	SG	5.0	0.0	8.0	4.5	27.0	0.167	0.0	13.5	0.0	4.5	13.5	0.333	0.167	4.5	4.5	1.0	0.0	0.0	0.0	4.5	0.0	0.0	4.5	9.0	13.5	
282.0	Quincy Olivari	23.0	LAL	PG	1.0	0.0	8.0	4.5	13.5	0.333	4.5	13.5	0.333	0.0	0.0		0.5	0.0	0.0		0.0	0.0	0.0	0.0	0.0	0.0	4.5	0.0	13.5	
283.0	Cam Spencer	24.0	MEM	SG	5.0	0.0	56.0	4.5	9.0	0.5	1.9	3.9	0.5	2.6	5.1	0.5	0.607	2.6	2.6	1.0	0.6	3.9	4.5	4.5	0.6	0.6	1.9	3.9	13.5	
284.0	Jaylin Williams	22.0	OKC	PF	1.0	0.0	8.0	4.5	13.5	0.333	4.5	13.5	0.333	0.0	0.0		0.5	0.0	0.0		0.0	0.0	0.0	9.0	0.0	4.5	0.0	4.5	13.5	
285.0	Harrison Barnes	32.0	SAS	PF	30.0	30.0	831.0	4.4	9.4	0.468	1.8	4.5	0.408	2.6	5.0	0.522	0.564	2.7	3.5	0.788	2.0	3.0	5.0	2.0	0.3	0.3	1.0	1.1	13.4	
286.0	Spencer Dinwiddie	31.0	DAL	PG	28.0	2.0	608.0	3.9	10.5	0.373	2.0	6.0	0.333	1.9	4.4	0.427	0.469	3.6	4.1	0.871	0.4	2.7	3.1	5.4	1.4	0.4	1.4	2.3	13.4	
287.0	Dorian Finney-Smith	31.0	BRK	PF	19.0	19.0	552.0	4.7	9.9	0.474	3.1	6.8	0.452	1.6	3.1	0.521	0.628	1.0	1.5	0.652	1.9	3.5	5.3	2.0	1.2	0.8	1.1	3.5	13.4	
288.0	Simone Fontecchio	29.0	DET	SF	28.0	0.0	509.0	4.3	10.2	0.424	2.4	6.6	0.362	1.9	3.5	0.54	0.542	2.4	2.9	0.829	1.1	4.5	5.5	1.6	0.6	0.4	1.6	2.6	13.4	
289.0	David Roddy	23.0	ATL	PF	16.0	1.0	215.0	4.9	8.5	0.569	1.8	4.4	0.423	3.0	4.2	0.72	0.676	1.8	2.2	0.846	0.7	6.4	7.0	3.2	1.0	0.5	2.3	1.8	13.4	
290.0	Patrick Williams	23.0	CHI	PF	20.0	19.0	536.0	4.6	12.0	0.382	2.5	6.5	0.381	2.1	5.4	0.383	0.486	1.8	2.1	0.871	1.2	5.0	6.2	3.0	1.1	0.7	2.1	1.9	13.4	
291.0	Kyle Filipowski	21.0	UTA	C	18.0	8.0	315.0	4.9	9.7	0.506	1.1	3.8	0.303	3.8	5.9	0.635	0.565	2.3	3.9	0.588	1.9	7.1	9.0	3.8	0.9	0.2	1.9	3.8	13.3	
292.0	Jeff Green	38.0	HOU	PF	8.0	0.0	46.0	5.5	11.7	0.467	2.3	7.0	0.333	3.1	4.7	0.667	0.567	0.0	0.0		0.0	3.9	3.9	0.8	1.6	0.0	1.6	2.3	13.3	
293.0	Tim Hardaway Jr.	32.0	DET	SG	27.0	27.0	747.0	4.4	10.5	0.422	2.6	7.1	0.361	1.9	3.4	0.549	0.544	1.9	2.2	0.867	0.2	2.3	2.6	2.0	0.5	0.0	0.9	1.7	13.3	
294.0	Alec Burks	33.0	MIA	SG	13.0	0.0	205.0	4.4	9.5	0.463	3.2	6.7	0.474	1.2	2.8	0.438	0.63	1.2	1.8	0.7	0.9	3.7	4.6	3.0	1.2	0.7	0.4	1.2	13.2	
295.0	Sam Merrill	28.0	CLE	SG	26.0	2.0	517.0	4.3	11.4	0.378	3.4	10.0	0.34	0.9	1.4	0.65	0.527	1.2	1.3	0.944	0.7	2.6	3.3	3.2	1.2	0.3	0.9	3.5	13.2	
296.0	Ajay Mitchell	22.0	OKC	SG	28.0	0.0	436.0	5.2	10.4	0.5	1.3	3.0	0.444	3.9	7.4	0.522	0.563	1.5	1.8	0.818	1.2	3.3	4.5	3.9	1.8	0.2	2.1	4.0	13.2	
297.0	Gary Trent Jr.	26.0	MIL	SG	26.0	7.0	659.0	4.5	11.0	0.411	2.9	7.4	0.393	1.6	3.7	0.448	0.542	1.3	1.4	0.885	0.3	2.8	3.1	1.3	1.3	0.1	0.8	3.1	13.2	
298.0	Donte DiVincenzo	28.0	MIN	SG	29.0	2.0	714.0	4.5	12.3	0.37	3.1	9.3	0.335	1.4	2.9	0.483	0.498	0.9	1.2	0.783	0.6	4.1	4.7	4.9	1.7	0.3	2.3	2.1	13.1	
299.0	Jalen Duren	21.0	DET	C	27.0	27.0	669.0	5.3	7.6	0.697	0.0	0.0		5.3	7.6	0.697	0.697	2.5	4.1	0.605	4.5	8.9	13.3	3.3	0.7	1.7	3.0	4.6	13.1	
300.0	A.J. Green	25.0	MIL	SG	27.0	4.0	579.0	4.4	9.6	0.452	3.9	8.6	0.449	0.5	1.1	0.471	0.652	0.5	0.6	0.889	0.2	3.4	3.6	2.2	0.9	0.2	1.1	3.4	13.1	
301.0	Rui Hachimura	26.0	LAL	PF	25.0	25.0	836.0	4.8	10.1	0.477	1.6	3.8	0.432	3.2	6.3	0.503	0.557	1.8	2.2	0.824	1.9	4.0	5.9	1.8	1.0	0.7	1.0	2.2	13.1	
302.0	Jaxson Hayes	24.0	LAL	C	11.0	1.0	192.0	4.9	6.8	0.722	0.0	0.0		4.9	6.8	0.722	0.722	3.4	4.3	0.783	3.9	5.4	9.4	1.7	0.7	1.7	1.5	5.2	13.1	
303.0	Yves Missi	20.0	NOP	C	29.0	23.0	771.0	5.2	9.4	0.557	0.0	0.0	0.0	5.2	9.3	0.56	0.557	2.7	4.1	0.648	5.4	6.3	11.6	1.6	1.0	1.6	1.6	3.0	13.1	
304.0	Jusuf Nurkić	30.0	PHO	C	22.0	22.0	545.0	4.6	10.0	0.457	1.1	3.6	0.291	3.5	6.3	0.552	0.51	3.0	4.3	0.692	2.8	11.4	14.1	2.7	1.4	0.9	3.2	4.4	13.1	
305.0	Anthony Black	21.0	ORL	PG	31.0	2.0	747.0	4.6	10.7	0.426	1.0	3.7	0.276	3.6	7.1	0.503	0.473	2.8	3.9	0.738	0.8	3.3	4.0	5.5	1.4	1.1	3.4	3.3	13.0	
306.0	Jevon Carter	29.0	CHI	PG	13.0	0.0	61.0	5.3	15.9	0.333	2.4	10.0	0.235	3.0	5.9	0.5	0.407	0.0	0.0		1.2	4.1	5.3	4.1	2.4	0.0	2.4	0.6	13.0	
307.0	Sidy Cissoko	20.0	SAS	SF	12.0	0.0	36.0	5.0	11.0	0.455	3.0	5.0	0.6	2.0	6.0	0.333	0.591	0.0	4.0	0.0	2.0	6.0	8.0	5.0	0.0	0.0	1.0	5.0	13.0	
308.0	Johnny Davis	22.0	WAS	SG	20.0	0.0	186.0	5.2	11.2	0.466	1.2	3.7	0.316	4.1	7.5	0.538	0.517	1.4	2.1	0.636	1.4	4.8	6.2	1.7	2.3	1.2	0.8	3.1	13.0	
309.0	Sam Hauser	27.0	BOS	PF	23.0	2.0	501.0	4.7	10.9	0.434	3.4	9.1	0.37	1.4	1.8	0.76	0.589	0.1	0.1	1.0	1.4	4.2	5.6	1.7	1.4	0.4	0.6	2.1	13.0	
310.0	Dereck Lively II	20.0	DAL	C	25.0	18.0	603.0	5.4	7.7	0.698	0.0	0.0		5.4	7.7	0.698	0.698	2.2	3.6	0.617	4.6	7.0	11.6	3.7	1.0	2.4	1.9	4.3	13.0	
311.0	Andre Drummond	31.0	PHI	C	24.0	14.0	463.0	5.2	10.4	0.5	0.1	0.7	0.111	5.1	9.7	0.528	0.504	2.4	4.2	0.574	5.2	9.8	15.0	0.9	2.3	0.8	3.1	4.7	12.9	
312.0	Jonathan Isaac	27.0	ORL	PF	25.0	0.0	417.0	4.7	11.2	0.415	1.6	5.9	0.279	3.0	5.4	0.565	0.488	1.9	2.8	0.667	3.5	6.4	9.9	0.6	1.9	2.9	0.9	3.1	12.9	
313.0	Walker Kessler	23.0	UTA	C	22.0	22.0	646.0	5.6	7.7	0.719	0.1	0.2	0.667	5.5	7.6	0.721	0.727	1.7	3.1	0.536	5.0	8.1	13.1	2.0	0.6	3.6	1.7	2.6	12.9	
314.0	Brook Lopez	36.0	MIL	C	28.0	28.0	908.0	4.9	10.1	0.482	2.1	5.6	0.371	2.8	4.6	0.617	0.584	1.1	1.5	0.737	1.3	3.9	5.2	1.7	1.0	2.2	1.2	2.5	12.9	
315.0	Donovan Clingan	20.0	POR	C	22.0	7.0	363.0	5.4	10.1	0.529	0.5	1.5	0.333	4.9	8.6	0.563	0.554	1.6	2.2	0.727	6.2	7.7	14.0	1.2	1.0	4.0	2.4	6.4	12.8	
316.0	Vince Williams Jr.	24.0	MEM	SG	3.0	0.0	45.0	5.6	15.2	0.368	0.8	6.4	0.125	4.8	8.8	0.545	0.395	0.8	3.2	0.25	3.2	5.6	8.8	7.2	0.0	1.6	5.6	7.2	12.8	
317.0	Seth Curry	34.0	CHO	SG	27.0	5.0	336.0	4.7	10.6	0.444	2.4	5.7	0.415	2.4	4.9	0.478	0.556	1.0	1.2	0.818	1.1	2.8	3.9	1.3	1.4	0.4	0.7	2.9	12.7	
318.0	Luke Kennard	28.0	MEM	SG	18.0	0.0	353.0	4.1	9.5	0.43	3.1	6.7	0.455	1.0	2.8	0.37	0.591	1.5	1.9	0.789	0.8	3.5	4.3	4.8	1.1	0.2	1.3	1.3	12.7	
319.0	Gary Payton II	32.0	GSW	SG	28.0	4.0	368.0	5.7	10.4	0.547	0.5	3.1	0.156	5.2	7.2	0.716	0.571	0.9	1.5	0.6	3.2	4.4	7.6	3.3	2.0	1.0	1.4	3.9	12.7	
320.0	Nick Smith Jr.	20.0	CHO	SG	14.0	0.0	125.0	4.9	14.1	0.347	2.6	7.8	0.333	2.3	6.3	0.364	0.439	0.3	0.6	0.5	0.3	2.9	3.2	2.9	1.2	0.3	0.9	2.3	12.7	
321.0	Peyton Watson	22.0	DEN	SF	28.0	12.0	670.0	4.6	9.6	0.48	1.1	3.2	0.339	3.5	6.4	0.55	0.536	2.4	3.1	0.776	1.6	3.6	5.2	2.0	1.1	1.4	1.2	3.1	12.7	
322.0	Jalen Wilson	24.0	BRK	PF	28.0	6.0	713.0	4.2	10.7	0.396	1.9	6.0	0.322	2.3	4.7	0.489	0.486	2.3	2.8	0.836	1.4	3.5	4.9	2.5	0.8	0.1	1.3	3.1	12.7	
323.0	Duop Reath	28.0	POR	C	14.0	0.0	86.0	4.6	12.1	0.379	3.3	9.2	0.364	1.3	2.9	0.429	0.517	0.0	0.0		2.5	2.9	5.4	1.7	0.0	0.8	0.4	4.2	12.6	
324.0	Julian Phillips	21.0	CHI	SF	29.0	2.0	416.0	4.4	10.2	0.432	2.1	6.4	0.324	2.3	3.8	0.614	0.534	1.6	2.4	0.643	2.2	3.1	5.3	1.2	1.6	0.7	1.1	4.0	12.5	
325.0	Blake Wesley	21.0	SAS	SG	22.0	0.0	250.0	4.9	10.8	0.453	0.6	2.9	0.2	4.3	7.9	0.545	0.48	2.2	3.0	0.714	0.9	1.9	2.7	6.0	1.3	0.3	3.2	2.0	12.5	
326.0	Grant Williams	26.0	CHO	PF	16.0	7.0	479.0	4.1	9.2	0.439	2.0	5.6	0.365	2.0	3.7	0.551	0.549	2.3	2.8	0.838	1.4	4.8	6.2	2.8	1.4	1.0	2.1	3.5	12.5	
327.0	Kyle Anderson	31.0	GSW	PF	25.0	1.0	363.0	4.9	11.8	0.412	1.4	4.0	0.35	3.5	7.8	0.443	0.471	1.3	2.0	0.65	1.2	6.0	7.1	5.7	1.8	1.2	1.2	2.8	12.4	
328.0	Vasilije Micić	31.0	CHO	PG	18.0	8.0	388.0	4.6	13.3	0.35	2.0	5.8	0.349	2.6	7.4	0.35	0.427	1.1	1.4	0.8	1.4	3.1	4.5	6.2	0.8	0.0	3.3	1.9	12.4	
329.0	Jeremiah Robinson-Earl	24.0	NOP	PF	27.0	4.0	527.0	4.7	10.7	0.439	1.4	4.6	0.313	3.3	6.1	0.533	0.506	1.6	1.8	0.885	3.7	5.3	8.9	2.1	1.4	0.2	1.6	2.4	12.4	
330.0	Tristan Da Silva	23.0	ORL	SF	27.0	20.0	657.0	4.7	11.0	0.425	1.9	5.5	0.34	2.8	5.5	0.51	0.51	1.2	1.5	0.75	1.4	3.7	5.2	2.1	0.5	0.2	1.1	2.3	12.3	
331.0	Yuki Kawamura	23.0	MEM	PG	14.0	0.0	41.0	3.5	13.2	0.267	1.8	9.7	0.182	1.8	3.5	0.5	0.333	3.5	5.3	0.667	0.0	1.8	1.8	7.0	0.9	0.0	3.5	3.5	12.3	
332.0	Damion Lee	32.0	PHO	SG	5.0	0.0	44.0	3.3	14.7	0.222	0.8	9.0	0.091	2.5	5.7	0.429	0.25	4.9	4.9	1.0	0.0	4.1	4.1	4.1	1.6	0.0	2.5	1.6	12.3	
333.0	Keon Johnson	22.0	BRK	SG	27.0	8.0	485.0	4.5	13.2	0.343	2.3	8.1	0.284	2.2	5.1	0.435	0.43	0.9	1.2	0.75	1.2	5.0	6.2	2.2	1.3	0.6	2.2	4.9	12.2	
334.0	Herbert Jones	26.0	NOP	SF	12.0	12.0	396.0	4.4	10.2	0.429	1.4	4.5	0.3	3.0	5.6	0.532	0.496	2.1	2.7	0.767	1.3	3.1	4.4	3.0	2.3	0.5	2.1	3.5	12.2	
335.0	Pelle Larsson	23.0	MIA	SG	17.0	0.0	286.0	4.4	8.8	0.5	1.4	4.0	0.344	3.0	4.8	0.632	0.579	2.0	3.1	0.64	1.3	2.9	4.2	3.1	1.3	0.0	1.3	4.9	12.2	
336.0	Keegan Murray	24.0	SAC	PF	29.0	29.0	1035.0	4.7	11.2	0.421	1.7	5.5	0.302	3.1	5.7	0.537	0.495	1.1	1.3	0.865	2.3	5.2	7.5	1.5	0.7	0.8	1.0	3.0	12.2	
337.0	Chris Paul	39.0	SAS	PG	30.0	30.0	864.0	4.1	9.5	0.43	2.3	6.2	0.372	1.8	3.3	0.538	0.55	1.7	1.7	1.0	0.6	4.6	5.2	10.4	1.8	0.2	2.4	2.3	12.2	
338.0	Kris Murray	24.0	POR	SF	23.0	0.0	289.0	4.9	10.5	0.464	1.4	4.2	0.324	3.5	6.2	0.56	0.53	1.0	2.5	0.4	2.9	3.5	6.4	2.1	1.1	0.4	1.6	3.1	12.1	
339.0	Brandin Podziemski	21.0	GSW	SG	28.0	8.0	683.0	4.7	11.6	0.405	1.5	5.3	0.29	3.2	6.3	0.5	0.47	1.2	1.6	0.733	1.6	5.3	6.9	4.8	1.4	0.4	1.6	2.2	12.1	
340.0	Rayan Rupert	20.0	POR	SG	23.0	0.0	235.0	4.4	10.3	0.433	1.4	4.6	0.3	3.1	5.7	0.541	0.5	1.8	2.5	0.75	2.6	2.8	5.4	1.7	1.1	0.3	2.0	2.5	12.1	
341.0	Luguentz Dort	25.0	OKC	SF	28.0	28.0	819.0	4.0	10.0	0.405	2.6	6.7	0.392	1.4	3.3	0.432	0.537	1.2	1.5	0.8	1.8	3.7	5.6	2.1	1.5	1.0	0.7	3.9	12.0	
342.0	Ryan Dunn	22.0	PHO	SF	25.0	10.0	444.0	4.7	10.9	0.43	2.2	7.0	0.314	2.5	4.0	0.633	0.53	0.4	1.0	0.417	1.3	3.8	5.1	1.6	1.0	1.2	1.1	4.6	12.0	
343.0	Chris Livingston	21.0	MIL	SF	3.0	0.0	6.0	6.0	12.0	0.5	0.0	0.0		6.0	12.0	0.5	0.5	0.0	0.0		6.0	6.0	12.0	6.0	6.0	0.0	6.0	0.0	12.0	
344.0	Jared Rhoden	25.0	CHO	SG	4.0	0.0	12.0	6.0	24.0	0.25	0.0	6.0	0.0	6.0	18.0	0.333	0.25	0.0	0.0		6.0	6.0	12.0	6.0	3.0	0.0	3.0	3.0	12.0	
345.0	Matt Ryan	27.0	NYK	SF	9.0	0.0	45.0	4.8	16.8	0.286	2.4	11.2	0.214	2.4	5.6	0.429	0.357	0.0	0.0		0.0	1.6	1.6	0.0	0.8	0.0	2.4	0.0	12.0	
346.0	Terrence Shannon Jr.	24.0	MIN	SG	10.0	0.0	45.0	5.6	10.4	0.538	0.8	2.4	0.333	4.8	8.0	0.6	0.577	0.0	0.0		0.0	1.6	1.6	4.0	1.6	0.8	2.4	0.8	12.0	
347.0	Tristan Thompson	33.0	CLE	PF	12.0	0.0	90.0	5.2	10.8	0.481	0.0	0.4	0.0	5.2	10.4	0.5	0.481	1.6	5.6	0.286	3.2	9.6	12.8	1.6	0.0	1.6	2.0	4.0	12.0	
348.0	Jock Landale	29.0	HOU	C	17.0	0.0	166.0	4.6	10.6	0.429	0.7	1.3	0.5	3.9	9.3	0.419	0.459	2.2	4.1	0.526	4.6	5.9	10.4	3.0	0.7	1.3	1.5	3.0	11.9	
349.0	Cody Martin	29.0	CHO	SF	29.0	7.0	760.0	4.6	10.4	0.441	1.6	5.2	0.312	3.0	5.3	0.568	0.518	1.1	1.7	0.686	1.5	5.0	6.4	3.2	1.7	1.0	1.5	2.7	11.9	
350.0	Jamal Shead	22.0	TOR	PG	27.0	0.0	409.0	4.8	11.5	0.412	1.6	4.8	0.327	3.2	6.7	0.474	0.481	0.8	1.1	0.75	0.4	2.4	2.8	7.6	1.3	0.3	3.3	4.5	11.9	
351.0	Mike Conley	37.0	MIN	PG	25.0	25.0	638.0	3.7	10.6	0.353	2.7	7.3	0.362	1.1	3.2	0.333	0.479	1.7	1.9	0.912	0.7	3.3	4.0	6.5	2.1	0.3	1.9	2.4	11.8	
352.0	Reggie Jackson	34.0	PHI	PG	13.0	0.0	147.0	4.4	11.5	0.383	2.9	7.3	0.4	1.5	4.2	0.353	0.511	0.0	0.0		0.5	2.7	3.2	5.9	1.7	0.7	1.7	2.4	11.8	
353.0	Jaden McDaniels	24.0	MIN	PF	29.0	29.0	869.0	4.7	10.8	0.437	1.4	4.5	0.324	3.3	6.3	0.516	0.504	1.0	1.4	0.697	1.7	3.5	5.2	2.1	1.6	1.0	1.2	3.6	11.8	
354.0	Dru Smith	27.0	MIA	SG	14.0	1.0	268.0	4.2	8.2	0.508	2.1	4.0	0.533	2.0	4.2	0.484	0.639	1.3	1.7	0.769	1.6	3.2	4.8	3.1	2.8	0.8	2.3	4.0	11.8	
355.0	Jabari Walker	22.0	POR	SF	23.0	1.0	244.0	4.7	10.8	0.438	0.6	3.1	0.19	4.1	7.7	0.538	0.466	1.8	2.2	0.8	3.1	7.4	10.5	1.9	1.2	0.4	1.9	4.0	11.8	
356.0	Lindy Waters III	27.0	GSW	SG	22.0	8.0	394.0	4.3	11.2	0.382	2.8	7.9	0.356	1.5	3.3	0.444	0.508	0.4	0.5	0.8	1.0	4.3	5.3	2.7	1.4	0.5	0.7	3.3	11.8	
357.0	Al Horford	38.0	BOS	C	23.0	20.0	647.0	4.3	9.5	0.45	2.7	6.7	0.397	1.6	2.8	0.58	0.591	0.4	0.6	0.8	1.2	5.7	6.8	2.8	0.9	1.2	1.2	2.1	11.7	
358.0	Elfrid Payton	30.0	NOP	PG	7.0	3.0	144.0	5.7	11.5	0.5	0.0	0.2	0.0	5.7	11.3	0.511	0.5	0.2	0.5	0.5	1.2	4.7	6.0	12.0	2.5	0.7	5.0	2.5	11.7	
359.0	Max Christie	21.0	LAL	SG	29.0	8.0	621.0	3.6	8.4	0.428	1.4	4.1	0.343	2.2	4.3	0.507	0.51	3.0	3.5	0.867	1.2	2.8	4.0	2.0	1.4	0.6	1.3	2.4	11.6	
360.0	Anthony Gill	32.0	WAS	PF	20.0	0.0	149.0	4.1	8.2	0.5	1.0	2.9	0.333	3.1	5.3	0.591	0.559	2.4	4.3	0.556	1.2	4.8	6.0	1.4	1.2	0.2	1.2	2.9	11.6	
361.0	Caleb Martin	29.0	PHI	SF	23.0	16.0	676.0	4.0	9.4	0.424	1.3	3.6	0.368	2.7	5.8	0.459	0.494	2.2	3.4	0.656	1.8	3.7	5.5	2.7	1.2	0.5	2.0	2.3	11.6	
362.0	Dalen Terry	22.0	CHI	SG	27.0	0.0	364.0	4.2	8.5	0.488	1.1	3.1	0.355	3.1	5.4	0.564	0.552	2.2	2.8	0.786	1.8	2.1	3.9	2.5	1.6	0.8	2.3	3.9	11.6	
363.0	Drew Eubanks	27.0	UTA	C	22.0	0.0	293.0	4.7	8.2	0.567	0.1	0.4	0.333	4.5	7.9	0.578	0.575	2.1	3.6	0.586	3.1	7.6	10.7	3.1	0.6	1.7	2.1	3.3	11.5	
364.0	Johnny Furphy	20.0	IND	SG	18.0	0.0	181.0	4.0	9.5	0.417	2.2	5.6	0.393	1.8	4.0	0.45	0.531	1.4	1.4	1.0	2.2	2.8	5.0	1.4	1.4	1.0	1.8	3.4	11.5	
365.0	KJ Martin	24.0	PHI	PF	24.0	7.0	480.0	4.6	7.4	0.616	0.6	1.6	0.381	4.0	5.9	0.679	0.657	1.8	2.2	0.828	1.6	3.8	5.4	1.4	0.8	1.2	0.9	4.6	11.5	
366.0	Neemias Queta	25.0	BOS	C	24.0	5.0	393.0	4.9	7.9	0.628	0.0	0.2	0.0	4.9	7.7	0.643	0.628	1.6	2.2	0.75	3.6	6.8	10.4	1.6	0.6	2.0	1.6	4.4	11.5	
367.0	Orlando Robinson	24.0	SAC	C	8.0	0.0	50.0	4.3	10.8	0.4	0.7	3.6	0.2	3.6	7.2	0.5	0.433	2.2	4.3	0.5	2.2	6.5	8.6	6.5	1.4	0.7	2.2	4.3	11.5	
368.0	Mo Bamba	26.0	LAC	C	15.0	0.0	193.0	4.3	10.8	0.397	1.1	5.0	0.222	3.2	5.8	0.548	0.448	1.7	2.4	0.692	2.1	8.8	10.8	2.1	1.5	3.4	1.9	6.0	11.4	
369.0	Kevon Looney	28.0	GSW	C	27.0	5.0	430.0	4.9	9.2	0.536	0.0	0.0		4.9	9.2	0.536	0.536	1.5	3.4	0.439	7.1	8.8	15.9	3.9	1.7	0.5	1.3	5.1	11.4	
370.0	Jarace Walker	21.0	IND	PF	30.0	1.0	521.0	4.1	9.4	0.434	1.9	5.3	0.368	2.1	4.1	0.517	0.537	1.3	2.1	0.613	0.8	6.3	7.1	3.0	2.1	0.6	2.8	3.3	11.4	
371.0	Keon Ellis	25.0	SAC	SG	28.0	4.0	564.0	3.6	7.9	0.46	2.3	5.7	0.404	1.3	2.2	0.6	0.605	1.7	2.0	0.844	1.3	2.6	4.0	1.9	2.1	1.5	1.3	3.4	11.3	
372.0	Jonathan Mogbo	23.0	TOR	PF	30.0	6.0	536.0	4.3	9.1	0.471	0.5	1.5	0.304	3.8	7.6	0.504	0.496	2.2	3.1	0.717	3.8	5.4	9.2	3.6	1.6	0.9	1.8	3.9	11.3	
373.0	Isaac Okoro	24.0	CLE	SG	23.0	16.0	483.0	4.0	8.0	0.495	2.2	4.5	0.492	1.7	3.4	0.5	0.636	1.1	1.6	0.714	1.6	2.3	3.9	3.0	1.3	0.7	0.7	3.5	11.3	
374.0	Pat Spencer	28.0	GSW	PG	9.0	0.0	45.0	4.8	12.8	0.375	0.0	2.4	0.0	4.8	10.4	0.462	0.375	1.6	1.6	1.0	3.2	2.4	5.6	9.6	4.0	0.0	3.2	3.2	11.2	
375.0	Hunter Tyson	24.0	DEN	PF	18.0	0.0	173.0	3.5	7.5	0.472	1.5	4.4	0.333	2.1	3.1	0.667	0.569	2.7	3.1	0.867	1.7	5.6	7.3	1.9	0.8	0.6	1.7	4.4	11.2	
376.0	Olivier-Maxence Prosper	22.0	DAL	PF	19.0	0.0	133.0	3.8	10.3	0.368	1.1	3.5	0.308	2.7	6.8	0.4	0.421	2.4	3.5	0.692	3.5	5.7	9.2	2.2	0.8	0.5	0.5	1.9	11.1	
377.0	Reed Sheppard	20.0	HOU	PG	27.0	0.0	322.0	4.2	12.3	0.345	2.1	7.2	0.297	2.1	5.1	0.413	0.432	0.4	0.4	1.0	1.0	2.8	3.8	3.7	1.6	1.1	1.8	3.0	11.1	
378.0	Jamal Cain	25.0	NOP	SF	16.0	0.0	225.0	4.0	8.8	0.455	1.4	4.5	0.321	2.6	4.3	0.593	0.536	1.6	2.6	0.625	2.4	4.8	7.2	1.6	1.3	1.1	1.1	3.2	11.0	
379.0	Rudy Gobert	32.0	MIN	C	29.0	29.0	988.0	4.2	6.5	0.646	0.0	0.0		4.2	6.5	0.646	0.646	2.6	3.6	0.735	3.3	7.9	11.2	1.9	0.8	1.5	1.7	2.8	11.0	
380.0	Wendell Moore Jr.	23.0	DET	SG	12.0	0.0	171.0	4.0	7.6	0.528	0.6	1.9	0.333	3.4	5.7	0.593	0.569	2.3	2.5	0.917	1.9	5.9	7.8	2.9	1.7	0.6	1.7	2.7	10.9	
381.0	Carlton Carrington	19.0	WAS	PG	27.0	18.0	793.0	4.0	10.4	0.386	1.9	5.5	0.336	2.1	4.8	0.443	0.476	1.0	1.2	0.815	0.5	4.9	5.4	4.7	1.0	0.3	2.5	3.7	10.8	
382.0	Cui Yongxi	21.0	BRK	SG	5.0	0.0	10.0	3.6	25.2	0.143	0.0	10.8	0.0	3.6	14.4	0.25	0.143	3.6	7.2	0.5	0.0	7.2	7.2	0.0	0.0	0.0	0.0	0.0	10.8	
383.0	Eric Gordon	36.0	PHI	SG	19.0	1.0	316.0	3.6	10.1	0.36	1.6	5.8	0.275	2.1	4.3	0.474	0.438	1.9	2.5	0.773	0.3	1.7	2.1	2.7	1.5	0.6	1.6	1.5	10.8	
384.0	Jordan McLaughlin	28.0	SAC	PG	22.0	0.0	164.0	3.3	8.6	0.385	2.0	5.0	0.391	1.3	3.5	0.375	0.5	2.2	3.1	0.714	0.7	3.5	4.2	4.2	2.0	0.0	2.0	2.4	10.8	
385.0	Taze Moore	26.0	POR	SG	2.0	0.0	20.0	3.6	18.0	0.2	1.8	7.2	0.25	1.8	10.8	0.167	0.25	1.8	3.6	0.5	7.2	7.2	14.4	1.8	3.6	0.0	3.6	0.0	10.8	
386.0	Jaylon Tyson	22.0	CLE	SG	17.0	1.0	140.0	4.4	9.3	0.472	1.0	3.3	0.308	3.3	5.9	0.565	0.528	1.0	2.1	0.5	3.1	4.1	7.2	3.1	1.3	0.0	2.3	5.9	10.8	
387.0	Ousmane Dieng	21.0	OKC	PF	17.0	0.0	189.0	3.8	11.4	0.333	1.7	6.9	0.25	2.1	4.6	0.458	0.408	1.3	2.1	0.636	1.7	6.5	8.2	2.5	2.1	0.8	0.8	3.4	10.7	
388.0	Draymond Green	34.0	GSW	PF	26.0	24.0	737.0	3.6	8.7	0.416	1.8	4.8	0.374	1.8	3.9	0.468	0.52	1.7	2.8	0.614	1.3	6.5	7.8	7.1	1.3	1.3	3.2	4.2	10.7	
389.0	Terance Mann	28.0	LAC	SG	23.0	11.0	484.0	4.2	9.5	0.438	1.2	3.5	0.34	3.0	6.0	0.494	0.5	1.2	1.8	0.667	1.8	3.5	5.3	3.0	1.6	0.4	1.0	3.5	10.7	
390.0	Jalen Pickett	25.0	DEN	SG	6.0	0.0	64.0	3.9	9.0	0.438	2.8	6.8	0.417	1.1	2.3	0.5	0.594	0.0	0.0		0.6	3.9	4.5	9.0	0.6	0.6	2.3	3.4	10.7	
391.0	TyTy Washington Jr.	23.0	PHO	PG	3.0	0.0	27.0	4.0	8.0	0.5	2.7	4.0	0.667	1.3	4.0	0.333	0.667	0.0	0.0		0.0	1.3	1.3	5.3	2.7	0.0	1.3	0.0	10.7	
392.0	Lonzo Ball	27.0	CHI	PG	12.0	0.0	210.0	3.4	11.0	0.313	2.6	9.1	0.283	0.9	1.9	0.455	0.43	1.2	1.2	1.0	0.7	5.7	6.3	7.4	2.2	1.2	2.1	2.4	10.6	
393.0	Wendell Carter Jr.	25.0	ORL	C	18.0	17.0	459.0	3.6	7.5	0.484	0.5	2.8	0.194	3.1	4.6	0.661	0.521	2.7	3.7	0.745	2.5	8.1	10.6	3.4	1.1	0.9	1.0	3.7	10.5	
394.0	Kris Dunn	30.0	LAC	PG	30.0	19.0	696.0	4.3	9.8	0.437	1.7	4.9	0.337	2.6	4.9	0.537	0.521	0.3	0.5	0.5	1.1	4.3	5.4	4.2	2.7	0.4	1.6	3.9	10.5	
395.0	Kyshawn George	21.0	WAS	SG	22.0	6.0	564.0	3.6	10.6	0.343	1.8	7.0	0.255	1.9	3.6	0.518	0.428	1.4	1.9	0.733	1.0	4.6	5.6	3.4	1.0	1.0	1.6	4.2	10.5	
396.0	KJ Simpson	22.0	CHO	PG	9.0	0.0	120.0	3.6	12.0	0.3	0.9	6.0	0.15	2.7	6.0	0.45	0.338	2.4	3.0	0.8	2.7	1.8	4.5	5.4	1.5	0.6	2.7	3.9	10.5	
397.0	Toumani Camara	24.0	POR	PF	29.0	29.0	884.0	3.9	9.2	0.42	1.8	5.0	0.358	2.1	4.2	0.495	0.518	0.9	1.2	0.733	2.6	4.0	6.5	2.4	1.6	0.5	1.8	3.3	10.4	
398.0	Ben Sheppard	23.0	IND	SG	16.0	5.0	316.0	3.9	8.8	0.442	2.6	6.4	0.411	1.3	2.4	0.524	0.591	0.0	0.0		0.8	3.3	4.1	1.9	0.7	0.6	0.6	4.4	10.4	
399.0	Pat Connaughton	32.0	MIL	SG	16.0	0.0	269.0	3.6	9.5	0.38	1.9	6.0	0.311	1.7	3.5	0.5	0.479	1.2	1.6	0.75	1.1	5.1	6.2	3.5	0.4	0.7	1.5	2.7	10.3	
400.0	PJ Hall	22.0	DEN	C	6.0	0.0	14.0	5.1	12.9	0.4	0.0	5.1	0.0	5.1	7.7	0.667	0.4	0.0	0.0		0.0	7.7	7.7	0.0	0.0	2.6	0.0	2.6	10.3	
401.0	Jalen Hood-Schifino	21.0	LAL	SG	2.0	0.0	14.0	2.6	2.6	1.0	0.0	0.0		2.6	2.6	1.0	1.0	5.1	5.1	1.0	2.6	0.0	2.6	2.6	0.0	2.6	2.6	7.7	10.3	
402.0	Brandon Williams	25.0	DAL	PG	5.0	0.0	21.0	3.4	15.4	0.222	0.0	3.4	0.0	3.4	12.0	0.286	0.222	3.4	5.1	0.667	1.7	5.1	6.9	3.4	0.0	0.0	3.4	3.4	10.3	
403.0	Kentavious Caldwell-Pope	31.0	ORL	SG	30.0	30.0	922.0	3.4	8.5	0.394	1.7	5.7	0.303	1.6	2.9	0.575	0.495	1.8	1.9	0.918	0.4	2.1	2.5	2.2	1.8	0.8	0.9	2.5	10.2	
404.0	Taurean Prince	30.0	MIL	SF	28.0	26.0	736.0	3.6	7.9	0.46	2.3	4.9	0.475	1.3	2.9	0.433	0.609	0.6	0.7	0.867	0.9	4.7	5.6	2.4	1.2	0.2	1.7	2.8	10.2	
405.0	Trey Lyles	29.0	SAC	PF	20.0	2.0	390.0	3.4	9.4	0.363	2.3	6.6	0.347	1.1	2.8	0.4	0.485	0.9	1.3	0.714	1.6	5.5	7.1	1.7	1.0	1.0	0.9	2.3	10.1	
406.0	Craig Porter Jr.	24.0	CLE	PG	18.0	0.0	164.0	4.2	7.5	0.559	1.1	2.4	0.455	3.1	5.0	0.609	0.632	0.7	1.1	0.6	0.4	3.1	3.5	5.3	1.1	1.3	2.0	1.8	10.1	
407.0	Isaiah Stewart	23.0	DET	C	27.0	3.0	579.0	4.0	7.2	0.552	0.3	1.3	0.238	3.7	5.9	0.621	0.573	1.8	2.1	0.879	3.7	6.3	10.0	2.9	0.8	2.1	1.8	4.5	10.1	
408.0	Cam Christie	19.0	LAC	SG	1.0	0.0	18.0	4.0	14.0	0.286	2.0	8.0	0.25	2.0	6.0	0.333	0.357	0.0	0.0		2.0	4.0	6.0	0.0	4.0	0.0	2.0	0.0	10.0	
409.0	Dillon Jones	23.0	OKC	SF	22.0	0.0	180.0	3.8	11.0	0.345	1.4	6.6	0.212	2.4	4.4	0.545	0.409	1.0	1.6	0.625	3.2	5.2	8.4	3.0	0.8	0.2	1.6	3.8	10.0	
410.0	Luke Kornet	29.0	BOS	C	24.0	3.0	407.0	3.8	6.2	0.614	0.0	0.0		3.8	6.2	0.614	0.614	2.4	3.1	0.771	4.7	5.7	10.4	3.3	1.0	2.2	0.8	2.5	10.0	
411.0	Keaton Wallace	25.0	ATL	PG	14.0	1.0	219.0	3.9	9.7	0.407	1.5	4.8	0.31	2.5	4.9	0.5	0.483	0.7	0.7	1.0	0.3	2.8	3.1	4.3	1.6	1.0	2.6	2.1	10.0	
412.0	Alex Caruso	30.0	OKC	SG	20.0	0.0	398.0	3.9	10.3	0.377	1.5	5.9	0.262	2.4	4.4	0.531	0.452	0.6	0.8	0.778	1.1	4.2	5.2	4.4	3.4	1.1	1.4	3.6	9.9	
413.0	Jeff Dowtin	27.0	PHI	PG	9.0	0.0	92.0	3.9	9.4	0.417	0.4	3.1	0.125	3.5	6.3	0.563	0.438	1.6	2.0	0.8	0.8	2.3	3.1	3.9	1.2	0.4	0.4	2.0	9.8	
414.0	Javonte Green	31.0	NOP	SG	28.0	12.0	623.0	3.4	7.9	0.434	1.1	3.4	0.328	2.3	4.5	0.513	0.504	1.8	2.5	0.744	1.6	3.8	5.3	1.2	1.7	1.1	1.0	2.3	9.8	
415.0	Haywood Highsmith	28.0	MIA	SF	25.0	18.0	597.0	3.6	7.7	0.465	1.9	4.5	0.419	1.7	3.2	0.528	0.587	0.8	1.1	0.684	1.0	3.4	4.5	1.5	1.6	1.0	1.1	3.0	9.8	
416.0	Max Strus	28.0	CLE	SF	2.0	0.0	41.0	3.5	9.7	0.364	2.6	8.8	0.3	0.9	0.9	1.0	0.5	0.0	0.0		1.8	3.5	5.3	3.5	0.0	0.0	0.0	4.4	9.7	
417.0	James Johnson	37.0	IND	PF	4.0	0.0	15.0	4.8	9.6	0.5	0.0	2.4	0.0	4.8	7.2	0.667	0.5	0.0	0.0		0.0	9.6	9.6	7.2	0.0	2.4	9.6	2.4	9.6	
418.0	Precious Achiuwa	25.0	NYK	PF	9.0	1.0	174.0	3.9	9.1	0.432	0.6	1.9	0.333	3.3	7.2	0.457	0.466	1.0	2.1	0.5	4.3	8.9	13.2	2.5	1.4	1.7	1.4	2.7	9.5	
419.0	Vlatko Čančar	27.0	DEN	PF	4.0	0.0	34.0	4.2	7.4	0.571	1.1	2.1	0.5	3.2	5.3	0.6	0.643	0.0	0.0		3.2	5.3	8.5	0.0	0.0	1.1	2.1	4.2	9.5	
420.0	Josh Green	24.0	CHO	SG	27.0	26.0	755.0	3.4	8.2	0.421	1.8	4.4	0.409	1.6	3.7	0.436	0.532	0.7	1.2	0.6	1.3	2.0	3.3	2.0	1.1	0.4	1.2	3.9	9.4	
421.0	DeAndre Jordan	36.0	DEN	C	16.0	0.0	168.0	4.5	7.1	0.636	0.0	0.0		4.5	7.1	0.636	0.636	0.4	1.7	0.25	3.2	10.1	13.3	3.0	1.1	1.3	2.6	4.1	9.4	
422.0	Dean Wade	28.0	CLE	PF	21.0	12.0	464.0	3.1	8.1	0.381	2.4	7.0	0.344	0.7	1.2	0.6	0.529	0.7	1.6	0.429	1.3	6.5	7.8	2.3	1.8	0.6	0.4	2.4	9.3	
423.0	Cory Joseph	33.0	ORL	PG	16.0	0.0	86.0	3.3	9.6	0.348	2.5	7.1	0.353	0.8	2.5	0.333	0.478	0.0	0.0		1.7	4.6	6.3	5.0	1.7	0.8	1.7	2.5	9.2	
424.0	Cason Wallace	21.0	OKC	SG	28.0	16.0	739.0	3.8	8.8	0.431	1.3	4.3	0.307	2.5	4.5	0.548	0.506	0.3	0.3	0.857	1.7	3.2	4.9	3.1	2.2	1.1	0.8	2.8	9.2	
425.0	Oso Ighodaro	22.0	PHO	PF	23.0	2.0	360.0	4.0	6.4	0.625	0.0	0.0		4.0	6.4	0.625	0.625	1.1	1.7	0.647	2.3	6.2	8.5	2.0	0.9	0.7	1.2	3.7	9.1	
426.0	Kai Jones	24.0	LAC	C	20.0	0.0	154.0	3.5	4.7	0.75	0.0	0.0		3.5	4.7	0.75	0.75	2.1	2.8	0.75	2.8	5.1	7.9	1.9	1.4	2.1	1.9	4.4	9.1	
427.0	Davion Mitchell	26.0	TOR	PG	28.0	13.0	735.0	3.4	8.5	0.402	1.2	4.1	0.301	2.2	4.5	0.495	0.474	1.0	1.5	0.677	0.7	2.3	3.0	6.8	1.1	0.3	2.6	3.9	9.1	
428.0	Zeke Nnaji	24.0	DEN	PF	17.0	0.0	83.0	4.3	10.4	0.417	0.0	3.9	0.0	4.3	6.5	0.667	0.417	0.4	2.2	0.2	0.9	2.2	3.0	1.7	0.4	0.9	0.9	3.0	9.1	
429.0	Dominick Barlow	21.0	ATL	SF	3.0	0.0	16.0	2.3	4.5	0.5	2.3	2.3	1.0	0.0	2.3	0.0	0.75	2.3	4.5	0.5	0.0	2.3	2.3	0.0	2.3	0.0	0.0	4.5	9.0	
430.0	JD Davison	22.0	BOS	PG	5.0	0.0	24.0	3.0	7.5	0.4	1.5	4.5	0.333	1.5	3.0	0.5	0.5	1.5	3.0	0.5	0.0	3.0	3.0	1.5	1.5	0.0	9.0	1.5	9.0	
431.0	Tidjane Salaün	19.0	CHO	PF	25.0	8.0	476.0	3.0	9.6	0.315	1.8	6.4	0.286	1.2	3.3	0.372	0.409	1.1	1.7	0.682	2.0	5.9	7.9	2.2	1.1	0.4	1.6	2.6	9.0	
432.0	Dario Šarić	30.0	DEN	C	10.0	3.0	136.0	3.2	10.6	0.3	1.3	5.0	0.263	1.9	5.6	0.333	0.363	1.3	1.6	0.833	2.4	6.9	9.3	2.9	1.6	0.0	2.9	3.7	9.0	
433.0	Drew Peterson	25.0	BOS	PF	7.0	0.0	81.0	2.2	6.7	0.333	1.8	5.8	0.308	0.4	0.9	0.5	0.467	2.7	3.1	0.857	1.8	5.3	7.1	1.8	0.9	0.9	1.3	3.1	8.9	
434.0	Daniel Theis	32.0	NOP	C	20.0	7.0	284.0	3.4	8.0	0.429	0.6	2.4	0.263	2.8	5.6	0.5	0.468	1.4	1.6	0.846	2.2	6.3	8.5	3.3	0.9	1.5	1.5	4.4	8.9	
435.0	Steven Adams	31.0	HOU	C	16.0	0.0	172.0	3.3	5.4	0.615	0.0	0.0		3.3	5.4	0.615	0.615	2.1	5.4	0.385	5.7	6.9	12.6	3.8	0.8	0.6	4.2	3.8	8.8	
436.0	Taj Gibson	39.0	CHO	C	14.0	8.0	151.0	3.8	8.1	0.471	0.2	0.5	0.5	3.6	7.6	0.469	0.485	1.0	1.4	0.667	5.0	5.7	10.7	1.7	1.4	0.7	2.1	4.3	8.8	
437.0	Gary Harris	30.0	ORL	SG	17.0	2.0	282.0	3.1	7.7	0.4	2.2	5.9	0.37	0.9	1.8	0.5	0.542	0.5	0.8	0.667	1.1	1.8	2.9	0.9	1.1	0.6	0.9	1.7	8.8	
438.0	Mason Plumlee	34.0	PHO	C	28.0	7.0	472.0	3.3	5.9	0.558	0.0	0.1	0.0	3.3	5.8	0.566	0.558	2.2	3.7	0.592	3.3	9.3	12.6	3.5	0.7	1.5	1.8	4.2	8.8	
439.0	Micah Potter	26.0	UTA	C	8.0	2.0	147.0	3.2	6.9	0.464	2.4	5.6	0.435	0.7	1.2	0.6	0.643	0.0	0.0		3.4	7.8	11.3	2.2	0.5	1.0	1.5	2.0	8.8	
440.0	Ben Simmons	28.0	BRK	PG	23.0	17.0	569.0	3.9	6.7	0.575	0.0	0.0		3.9	6.7	0.575	0.575	0.9	1.3	0.714	1.3	6.5	7.8	9.9	1.3	0.8	4.0	3.4	8.7	
441.0	Markieff Morris	35.0	DAL	PF	4.0	0.0	21.0	3.4	15.4	0.222	1.7	5.1	0.333	1.7	10.3	0.167	0.278	0.0	0.0		0.0	8.6	8.6	3.4	0.0	1.7	3.4	0.0	8.6	
442.0	Adem Bona	21.0	PHI	C	15.0	0.0	102.0	3.2	4.9	0.643	0.0	0.0		3.2	4.9	0.643	0.643	2.1	2.5	0.857	3.2	6.4	9.5	0.4	0.0	2.1	2.1	5.6	8.5	
443.0	Dwight Powell	33.0	DAL	C	23.0	0.0	169.0	2.3	2.8	0.846	0.2	0.2	1.0	2.1	2.6	0.833	0.885	3.6	5.5	0.654	2.8	5.1	7.9	2.8	1.7	1.9	1.1	6.0	8.5	
444.0	Jaden Springer	22.0	BOS	SG	10.0	0.0	43.0	2.5	9.2	0.273	0.0	2.5	0.0	2.5	6.7	0.375	0.273	3.3	5.9	0.571	3.3	6.7	10.0	2.5	2.5	0.0	0.8	3.3	8.4	
445.0	Pacome Dadiet	19.0	NYK	SG	12.0	0.0	82.0	2.6	8.8	0.3	2.2	6.1	0.357	0.4	2.6	0.167	0.425	0.9	0.9	1.0	0.0	5.7	5.7	2.2	0.4	0.9	0.4	2.2	8.3	
446.0	Patty Mills	36.0	UTA	PG	9.0	0.0	138.0	2.9	8.1	0.355	1.8	6.3	0.292	1.0	1.8	0.571	0.468	0.8	0.8	1.0	0.3	1.8	2.1	3.4	1.6	0.5	2.1	2.1	8.3	
447.0	Gabe Vincent	28.0	LAL	PG	30.0	4.0	579.0	3.1	8.3	0.376	1.8	5.4	0.333	1.3	2.9	0.457	0.485	0.2	0.5	0.5	0.6	1.9	2.5	1.8	1.5	0.3	1.1	3.7	8.3	
448.0	Trey Jemison	25.0	NOP	C	16.0	0.0	166.0	3.3	6.9	0.469	0.0	0.0		3.3	6.9	0.469	0.469	1.7	4.6	0.381	4.8	4.8	9.5	2.2	1.5	1.3	2.2	5.9	8.2	
449.0	Tre Jones	25.0	SAS	PG	12.0	0.0	202.0	2.9	7.0	0.41	0.5	2.3	0.231	2.3	4.6	0.5	0.449	2.0	2.7	0.733	0.9	3.2	4.1	8.4	1.6	0.7	1.2	2.9	8.2	
450.0	Kyle Lowry	38.0	PHI	PG	21.0	10.0	427.0	2.4	6.7	0.367	1.8	5.0	0.356	0.7	1.7	0.4	0.5	1.5	1.9	0.783	0.6	2.8	3.4	4.9	1.6	0.6	1.2	3.5	8.2	
451.0	Jae Crowder	34.0	SAC	SF	6.0	2.0	89.0	2.4	6.9	0.353	1.2	4.9	0.25	1.2	2.0	0.6	0.441	2.0	2.4	0.833	2.4	4.4	6.9	1.6	1.2	0.0	1.6	4.0	8.1	
452.0	Reece Beekman	23.0	2TM	PG	4.0	0.0	9.0	4.0	4.0	1.0	0.0	0.0		4.0	4.0	1.0	1.0	0.0	0.0		4.0	0.0	4.0	4.0	4.0	0.0	4.0	4.0	8.0	
452.0	Reece Beekman	23.0	GSW	PG	2.0	0.0	4.0	9.0	9.0	1.0	0.0	0.0		9.0	9.0	1.0	1.0	0.0	0.0		9.0	0.0	9.0	9.0	9.0	0.0	0.0	9.0	18.0	
452.0	Reece Beekman	23.0	BRK	PG	2.0	0.0	5.0	0.0	0.0		0.0	0.0		0.0	0.0			0.0	0.0		0.0	0.0	0.0	0.0	0.0	0.0	7.2	0.0	0.0	
453.0	Branden Carlson	25.0	OKC	C	5.0	0.0	18.0	2.0	14.0	0.143	0.0	10.0	0.0	2.0	4.0	0.5	0.143	4.0	4.0	1.0	6.0	10.0	16.0	4.0	2.0	2.0	0.0	2.0	8.0	
454.0	Ulrich Chomche	19.0	TOR	PF	2.0	0.0	9.0	4.0	4.0	1.0	0.0	0.0		4.0	4.0	1.0	1.0	0.0	0.0		0.0	8.0	8.0	0.0	0.0	0.0	4.0	4.0	8.0	
455.0	Ariel Hukporti	22.0	NYK	C	12.0	0.0	99.0	3.3	5.1	0.643	0.0	0.0		3.3	5.1	0.643	0.643	1.5	2.9	0.5	1.5	6.5	8.0	2.2	0.0	2.9	3.6	5.1	8.0	
456.0	Bronny James	20.0	LAL	SG	7.0	0.0	18.0	2.0	16.0	0.125	0.0	8.0	0.0	2.0	8.0	0.25	0.125	4.0	4.0	1.0	2.0	0.0	2.0	4.0	2.0	2.0	0.0	4.0	8.0	
457.0	Caleb Houstan	22.0	ORL	SF	19.0	0.0	111.0	2.6	9.4	0.276	1.9	7.8	0.25	0.6	1.6	0.4	0.379	0.6	0.6	1.0	0.6	2.3	2.9	0.6	0.0	0.6	0.3	1.9	7.8	
458.0	Josh Richardson	31.0	MIA	SG	8.0	0.0	150.0	2.6	9.1	0.289	1.4	5.3	0.273	1.2	3.8	0.313	0.368	1.0	1.0	1.0	1.4	1.4	2.9	2.9	1.9	0.2	1.9	4.1	7.7	
459.0	Enrique Freeman	24.0	IND	PF	16.0	1.0	113.0	2.9	6.1	0.474	0.3	1.6	0.2	2.5	4.5	0.571	0.5	1.6	2.9	0.556	1.0	2.9	3.8	1.9	0.6	0.6	1.3	4.8	7.6	
460.0	John Konchar	28.0	MEM	SG	15.0	0.0	181.0	2.6	5.4	0.481	1.8	4.6	0.391	0.8	0.8	1.0	0.648	0.6	0.8	0.75	2.4	5.6	8.0	3.2	1.6	1.2	1.4	2.6	7.6	
461.0	Vit Krejci	24.0	ATL	PG	16.0	1.0	201.0	2.7	8.1	0.333	0.9	4.5	0.2	1.8	3.6	0.5	0.389	1.3	2.0	0.636	1.3	3.8	5.0	4.3	1.4	0.7	2.3	4.8	7.5	
462.0	Colby Jones	22.0	SAC	SG	19.0	0.0	107.0	3.0	7.7	0.391	1.3	3.0	0.444	1.7	4.7	0.357	0.478	0.0	0.0		2.0	4.4	6.4	1.3	1.7	1.7	2.0	3.7	7.4	
463.0	Moussa Diabaté	23.0	CHO	C	27.0	4.0	509.0	3.3	5.2	0.622	0.0	0.0		3.3	5.2	0.622	0.622	0.8	1.8	0.44	6.4	7.4	13.9	1.3	1.2	1.6	1.7	3.5	7.3	
464.0	Alex Len	31.0	SAC	C	22.0	2.0	143.0	3.3	6.0	0.542	0.0	1.0	0.0	3.3	5.0	0.65	0.542	0.8	1.8	0.429	2.5	6.3	8.8	4.3	0.8	3.0	1.5	4.3	7.3	
465.0	Nicolas Batum	36.0	LAC	PF	30.0	1.0	553.0	2.3	6.1	0.387	1.9	4.9	0.387	0.5	1.2	0.389	0.543	0.7	0.8	0.769	1.3	4.0	5.3	3.1	1.0	0.8	1.0	2.7	7.2	
466.0	PJ Dozier	28.0	MIN	SG	9.0	0.0	35.0	2.1	3.1	0.667	2.1	3.1	0.667	0.0	0.0		1.0	1.0	6.2	0.167	1.0	4.1	5.1	5.1	1.0	0.0	1.0	3.1	7.2	
467.0	Gui Santos	22.0	GSW	PF	7.0	0.0	30.0	2.4	6.0	0.4	1.2	3.6	0.333	1.2	2.4	0.5	0.5	1.2	2.4	0.5	2.4	6.0	8.4	2.4	0.0	1.2	2.4	4.8	7.2	
468.0	Andre Jackson Jr.	23.0	MIL	SG	27.0	19.0	489.0	2.7	7.0	0.389	1.3	3.7	0.36	1.4	3.3	0.422	0.484	0.4	0.7	0.5	1.8	4.6	6.5	3.0	1.4	0.5	2.5	4.9	7.1	
469.0	Armel Traoré	22.0	LAL	SF	8.0	0.0	61.0	3.0	10.6	0.278	0.0	4.1	0.0	3.0	6.5	0.455	0.278	1.2	4.1	0.286	0.6	7.7	8.3	0.6	2.4	1.2	1.2	3.5	7.1	
470.0	Cam Reddish	25.0	LAL	SF	23.0	8.0	450.0	2.6	5.4	0.478	0.9	2.8	0.314	1.7	2.6	0.656	0.56	1.0	1.5	0.684	1.0	2.9	3.8	1.4	2.2	0.7	1.0	3.1	7.0	
471.0	Luke Travers	23.0	CLE	SG	6.0	0.0	42.0	2.6	6.0	0.429	0.0	2.6	0.0	2.6	3.4	0.75	0.429	1.7	1.7	1.0	0.9	4.3	5.1	4.3	0.9	0.9	1.7	2.6	6.9	
472.0	Trey Alexander	21.0	DEN	SG	10.0	0.0	48.0	2.3	9.0	0.25	0.7	4.5	0.167	1.5	4.5	0.333	0.292	1.5	1.5	1.0	0.0	0.7	0.7	2.3	0.0	0.7	0.7	2.3	6.8	
473.0	Oscar Tshiebwe	25.0	UTA	PF	1.0	0.0	16.0	0.0	0.0		0.0	0.0		0.0	0.0			6.8	9.0	0.75	6.8	13.5	20.3	0.0	4.5	0.0	2.3	6.8	6.8	
474.0	Taylor Hendricks	21.0	UTA	PF	3.0	3.0	75.0	1.9	8.6	0.222	1.4	5.8	0.25	0.5	2.9	0.167	0.306	1.4	1.9	0.75	2.4	4.8	7.2	1.0	2.4	1.9	1.0	3.8	6.7	
475.0	Christian Koloko	24.0	LAL	C	19.0	0.0	178.0	3.0	5.1	0.6	0.0	0.4	0.0	3.0	4.7	0.652	0.6	0.6	0.8	0.75	3.4	5.5	8.9	0.8	1.0	1.6	1.2	4.7	6.7	
476.0	Mouhamed Gueye	22.0	ATL	PF	2.0	0.0	11.0	3.3	13.1	0.25	0.0	6.5	0.0	3.3	6.5	0.5	0.25	0.0	0.0		0.0	6.5	6.5	0.0	0.0	0.0	3.3	0.0	6.5	
477.0	Isaiah Collier	20.0	UTA	PG	20.0	1.0	332.0	2.5	8.2	0.303	0.4	3.1	0.138	2.1	5.1	0.404	0.329	0.9	2.0	0.444	0.2	3.6	3.8	6.8	1.7	0.4	4.8	3.7	6.3	
478.0	Delon Wright	32.0	MIL	PG	21.0	2.0	348.0	2.2	6.9	0.313	1.1	4.0	0.282	1.0	2.9	0.357	0.396	0.8	1.4	0.571	1.6	2.8	4.3	3.8	1.9	0.6	1.2	1.6	6.3	
479.0	Cody Williams	20.0	UTA	SG	16.0	7.0	299.0	2.2	8.1	0.269	0.8	4.5	0.189	1.3	3.6	0.367	0.321	0.7	1.2	0.6	1.0	3.5	4.5	2.3	0.8	0.6	1.3	2.4	5.9	
480.0	Jordan Walsh	20.0	BOS	PF	21.0	1.0	161.0	2.2	7.4	0.303	1.1	5.6	0.2	1.1	1.8	0.625	0.379	0.2	0.4	0.5	1.8	3.1	4.9	0.9	1.1	1.3	0.9	2.5	5.8	
481.0	Liam Robbins	25.0	MIL	C	7.0	0.0	33.0	2.2	4.4	0.5	0.0	1.1	0.0	2.2	3.3	0.667	0.5	1.1	4.4	0.25	4.4	3.3	7.6	1.1	1.1	1.1	1.1	4.4	5.5	
482.0	Jericho Sims	26.0	NYK	C	27.0	2.0	334.0	2.4	3.6	0.667	0.0	0.0		2.4	3.6	0.667	0.667	0.6	1.0	0.667	4.0	6.9	10.9	1.8	0.8	1.0	1.6	4.2	5.4	
483.0	Keshad Johnson	23.0	MIA	SF	3.0	0.0	14.0	2.6	5.1	0.5	0.0	2.6	0.0	2.6	2.6	1.0	0.5	0.0	0.0		0.0	7.7	7.7	0.0	0.0	0.0	0.0	2.6	5.1	
484.0	Garrett Temple	38.0	TOR	SG	9.0	0.0	35.0	2.1	7.2	0.286	1.0	3.1	0.333	1.0	4.1	0.25	0.357	0.0	0.0		1.0	3.1	4.1	5.1	4.1	1.0	2.1	6.2	5.1	
485.0	Maxwell Lewis	22.0	LAL	SF	7.0	0.0	29.0	2.5	7.4	0.333	0.0	0.0		2.5	7.4	0.333	0.333	0.0	0.0		2.5	0.0	2.5	2.5	1.2	0.0	2.5	1.2	5.0	
486.0	Xavier Tillman Sr.	26.0	BOS	C	18.0	1.0	151.0	1.7	7.2	0.233	0.7	3.8	0.188	1.0	3.3	0.286	0.283	0.2	0.5	0.5	1.9	6.0	7.9	1.4	1.2	0.7	1.4	3.1	4.3	
487.0	Baylor Scheierman	24.0	BOS	SG	5.0	0.0	34.0	1.1	10.6	0.1	0.0	6.4	0.0	1.1	4.2	0.25	0.1	2.1	2.1	1.0	2.1	5.3	7.4	2.1	1.1	0.0	0.0	3.2	4.2	
488.0	Stanley Umude	25.0	MIL	SG	8.0	0.0	26.0	1.4	6.9	0.2	1.4	5.5	0.25	0.0	1.4	0.0	0.3	0.0	2.8	0.0	0.0	8.3	8.3	2.8	1.4	1.4	0.0	1.4	4.2	
489.0	Maxi Kleber	33.0	DAL	PF	18.0	2.0	306.0	1.4	4.1	0.343	0.5	1.6	0.286	0.9	2.5	0.381	0.4	0.6	0.9	0.625	1.1	4.7	5.8	1.2	0.5	0.8	1.5	4.4	3.9	
490.0	Karlo Matković	23.0	NOP	PF	5.0	0.0	39.0	1.8	4.6	0.4	0.0	0.0		1.8	4.6	0.4	0.4	0.0	0.0		5.5	3.7	9.2	0.0	2.8	2.8	3.7	3.7	3.7	
491.0	Malevy Leons	25.0	OKC	SF	6.0	0.0	21.0	0.0	3.4	0.0	0.0	1.7	0.0	0.0	1.7	0.0	0.0	3.4	6.9	0.5	1.7	3.4	5.1	1.7	0.0	0.0	1.7	6.9	3.4	
492.0	D.J. Carton	24.0	TOR	SG	4.0	0.0	33.0	1.1	7.6	0.143	0.0	3.3	0.0	1.1	4.4	0.25	0.143	1.1	1.1	1.0	0.0	4.4	4.4	3.3	2.2	0.0	4.4	1.1	3.3	
493.0	Jacob Toppin	24.0	NYK	SF	8.0	0.0	22.0	1.6	4.9	0.333	0.0	3.3	0.0	1.6	1.6	1.0	0.333	0.0	0.0		0.0	4.9	4.9	3.3	0.0	0.0	1.6	1.6	3.3	
494.0	Daishen Nix	22.0	MIN	PG	3.0	0.0	13.0	0.0	2.8	0.0	0.0	2.8	0.0	0.0	0.0		0.0	2.8	5.5	0.5	0.0	11.1	11.1	8.3	0.0	0.0	11.1	2.8	2.8	
495.0	Jalen Bridges	23.0	PHO	SF	3.0	0.0	16.0	0.0	6.8	0.0	0.0	6.8	0.0	0.0	0.0		0.0	2.3	4.5	0.5	0.0	6.8	6.8	0.0	0.0	0.0	4.5	0.0	2.3	
496.0	Josh Christopher	23.0	MIA	SG	1.0	0.0	2.0	0.0	18.0	0.0	0.0	18.0	0.0	0.0	0.0		0.0	0.0	0.0		0.0	0.0	0.0	0.0	0.0	0.0	18.0	0.0	0.0	
497.0	Isaiah Crawford	23.0	SAC	SF	1.0	0.0	5.0	0.0	0.0		0.0	0.0		0.0	0.0			0.0	0.0		0.0	7.2	7.2	0.0	0.0	0.0	0.0	7.2	0.0	
498.0	Alex Ducas	24.0	OKC	SG	4.0	0.0	7.0	0.0	15.4	0.0	0.0	10.3	0.0	0.0	5.1	0.0	0.0	0.0	0.0		0.0	0.0	0.0	0.0	0.0	0.0	0.0	0.0	0.0	
499.0	Kessler Edwards	24.0	DAL	SF	9.0	0.0	23.0	0.0	9.4	0.0	0.0	6.3	0.0	0.0	3.1	0.0	0.0	0.0	0.0		0.0	3.1	3.1	1.6	0.0	1.6	1.6	6.3	0.0	
500.0	Joe Ingles	37.0	MIN	SF	7.0	0.0	26.0	0.0	2.8	0.0	0.0	2.8	0.0	0.0	0.0		0.0	0.0	0.0		2.8	0.0	2.8	12.5	0.0	0.0	1.4	6.9	0.0	
501.0	Harrison Ingram	22.0	SAS	SF	1.0	0.0	7.0	0.0	5.1	0.0	0.0	0.0		0.0	5.1	0.0	0.0	0.0	0.0		0.0	5.1	5.1	0.0	0.0	0.0	0.0	5.1	0.0	
502.0	Daniss Jenkins	23.0	DET	PG	2.0	0.0	5.0	0.0	14.4	0.0	0.0	14.4	0.0	0.0	0.0		0.0	0.0	0.0		0.0	0.0	0.0	0.0	0.0	0.0	0.0	7.2	0.0	
503.0	Mason Jones	26.0	SAC	SG	3.0	0.0	13.0	0.0	5.5	0.0	0.0	5.5	0.0	0.0	0.0		0.0	0.0	0.0		2.8	8.3	11.1	19.4	0.0	0.0	0.0	2.8	0.0	
504.0	Spencer Jones	23.0	DEN	SF	3.0	0.0	8.0	0.0	9.0	0.0	0.0	9.0	0.0	0.0	0.0		0.0	0.0	0.0		0.0	13.5	13.5	0.0	9.0	0.0	4.5	4.5	0.0	
505.0	Mac McClung	26.0	ORL	SG	1.0	0.0	5.0	0.0	0.0		0.0	0.0		0.0	0.0			0.0	0.0		0.0	7.2	7.2	14.4	0.0	0.0	0.0	0.0	0.0	
506.0	Justin Minaya	25.0	POR	SF	1.0	0.0	6.0	0.0	0.0		0.0	0.0		0.0	0.0			0.0	0.0		0.0	6.0	6.0	0.0	0.0	0.0	0.0	6.0	0.0	
507.0	Riley Minix	24.0	SAS	SF	1.0	0.0	7.0	0.0	5.1	0.0	0.0	5.1	0.0	0.0	0.0		0.0	0.0	0.0		0.0	10.3	10.3	0.0	0.0	0.0	0.0	0.0	0.0	
508.0	Cole Swider	25.0	DET	SF	2.0	0.0	13.0	0.0	13.8	0.0	0.0	13.8	0.0	0.0	0.0		0.0	0.0	0.0		0.0	5.5	5.5	2.8	0.0	0.0	0.0	2.8	0.0	
509.0	Tristan Vukcevic	21.0	WAS	C	1.0	0.0	3.0	0.0	24.0	0.0	0.0	24.0	0.0	0.0	0.0		0.0	0.0	0.0		0.0	0.0	0.0	0.0	0.0	12.0	0.0	0.0	0.0	
	League Average									0.464			0.36			0.541	0.54			0.778										
